r0	r1	r2	r3	r4	r5	r6	r7	r8	r9	r10	r11	r12
0.16763604308764005	0.12618558381544198	0.09056047670325205	0.061979907771914935	0.04056759656939584	0.02551667603440182	0.015515021452960165	0.00917517464558387	0.005307261359283982	0.0030175013765440495	0.0016931495393175734	0.0009406019415515999	0.0005186333660421647
0.16807520255583872	0.12667891864958317	0.09103915473867323	0.0623929254722689	0.040890610150057835	0.02574941950130272	0.015671858449051713	0.009275361935812758	0.005368644669492677	0.0030539237333898272	0.0017142421959325245	0.0009525959699040454	0.0005253612786442901
0.16757077709243273	0.12637811486629244	0.09088828502824553	0.06233687723005463	0.040884423857895286	0.02576329734416343	0.015689782030183272	0.009290677021485795	0.005379719779212244	0.003061218164531551	0.0017187696959944786	0.0009552958312925284	0.0005269270134568378
0.1648790180474417	0.12436444184559772	0.08946916236598647	0.06139289114469942	0.0402882525502238	0.0254027797693677	0.015479057119006764	0.009170569515051618	0.005312471055199582	0.0030240218203421146	0.0016983630907332966	0.0009441606708384226	0.0005208725392475737
0.16749782138854613	0.12630361517722338	0.09081988790940855	0.062279858589696466	0.04084081503121677	0.025732339638613596	0.015669130870125347	0.009277577037363751	0.005371732828593357	0.0030564954399648673	0.0017160414705564258	0.0009537472265296404	0.0005260594590799151
0.1682238784418951	0.126488691011658	0.09066576398786234	0.061972017007695474	0.04051162270303263	0.025452275973446112	0.015460459024938053	0.009135320743389226	0.0052806688341813825	0.0030007979450922193	0.0016830901871525276	0.000934722670429769	0.0005152705091845814
0.1655485319443334	0.12474971684865672	0.08964857251902644	0.06144549159807253	0.04027745147589868	0.025369668616282325	0.01544488250709445	0.009143378941692627	0.005293461486627402	0.0030117362759073682	0.0016908258029585533	0.0009396997719349027	0.0005182986282179617
0.16655020546916097	0.12543300109876906	0.09007758811892969	0.061692938268412684	0.040408805208161654	0.025434112388929724	0.015474221654322742	0.00915578039701968	0.005298289094706848	0.003013418318289642	0.001691304406530971	0.0009397671924884945	0.0005182527480886874
0.1660681951080459	0.12501493663861943	0.08973729945553863	0.0614336016605077	0.04022333200558796	0.02530888819728758	0.015393756410906663	0.009106139568715314	0.005268642629125826	0.0029961544331367756	0.0016814435455907405	0.0009342164494753053	0.0005151621957209321
0.16571771192855922	0.1251976116363588	0.09022111972394253	0.06201305817489417	0.040759384215174305	0.025735835061483983	0.015700654976553666	0.009310914155510483	0.005397952947524574	0.003074536201244615	0.001727532695296263	0.0009607137776597389	0.0005301443003631444
0.16690249044294156	0.12604641320241583	0.09078917957210236	0.06236889135389015	0.04096943377814469	0.025853914200007648	0.015764647245690138	0.009344756015676657	0.005415602686726231	0.003083688706616911	0.0017322786179901964	0.0009631829957218645	0.0005314354339225355
0.16798827494153512	0.12627175245309125	0.09048074448081254	0.06182587601461153	0.0404042447812211	0.025378303352620635	0.015412212023771242	0.009105226879408054	0.005262550206412731	0.0029901841160127193	0.0016770012179386851	0.0009312841492615598	0.0005133514936906782
0.16659156588903315	0.1253096764751334	0.08986829084551255	0.0614655059281939	0.04020730283199807	0.025277491311501574	0.01536336994796666	0.009082586352237614	0.005252406130110847	0.0029857511802403487	0.0016750970842034658	0.0009304748240621847	0.0005130091308897686
0.16951530589111946	0.12774378589780874	0.09177940076191224	0.0628778254435213	0.04119187993277596	0.0259286139882994	0.015774942583837118	0.009333261903755802	0.005400646448573629	0.00307143075373199	0.0017237601608215592	0.0009577518886213361	0.0005281486654137288
0.1675026933506941	0.12633306458197682	0.09086123999957299	0.06232230278886954	0.04087747472155218	0.025760457246581513	0.0156888814475135	0.00929055876140869	0.0053798473931175195	0.003061379396420241	0.0017188989392696139	0.000955384158051832	0.0005269826279521542
0.16627473377522234	0.12554291666972264	0.09040721880894936	0.06209508968584548	0.040783471692229505	0.025733570230441743	0.015689902305271154	0.009299861123436354	0.005389340398059118	0.003068636031715291	0.001723783409192243	0.0009584439758076691	0.0005288145855937226
0.16758963919849393	0.1263234968026891	0.09079496711655975	0.06223507199651021	0.04079393650751692	0.025692775960375037	0.015639759038799245	0.009257589001323526	0.0053589491780437455	0.0030486802173619832	0.0017114190254561672	0.0009510787841938634	0.0005245462717359879
0.1672922348475527	0.12604435405603337	0.09055314346260218	0.062041589339608426	0.040650265706122554	0.025592951007210017	0.015574204792855277	0.009216480449582549	0.005334096375988829	0.00303407550454208	0.0017030205381410608	0.0009463275474389277	0.0005218910929418492
0.16775253177282196	0.1262585318549272	0.09060061087753538	0.06199847959091993	0.04057400170698715	0.025517356184079867	0.015513649206244247	0.009173476296054126	0.0053058625701808936	0.0030165188129049705	0.0016925166962356774	0.0009402157471352003	0.000518405978539873
0.16750167058075338	0.12623477739110117	0.09071419605253729	0.062168139552047044	0.04074297034360971	0.025656714290789535	0.01561576267412874	0.00924239533368468	0.0053496986552962825	0.003043216038524905	0.0017082649253742047	0.0009492894735144837	0.0005235442968867128
0.16727669978133278	0.12612565692946104	0.09068448806459868	0.062182562860601046	0.04077460359947334	0.025689425114840982	0.01564244472929293	0.009261533245714123	0.005362340885022576	0.0030511093198386783	0.0017130004560263763	0.00095205027063842	0.0005251207581077661
0.16685142574469494	0.12561138331753333	0.09016599303412882	0.061724827031933285	0.040411276224355995	0.025424989002523515	0.015462993353220612	0.009146323560542293	0.005291497812884418	0.0030089633805837806	0.0016885464084980292	0.0009381253516210547	0.0005173017206334814
0.16621223657387332	0.12522672543352975	0.08996924331612476	0.06164761653087457	0.04039776370507514	0.025438014502460575	0.015482383341753732	0.00916348452639178	0.005304097757480767	0.0030173295499008102	0.0016937641574603158	0.0009412463508016045	0.0005191153600252064
0.1667553059005824	0.12549035510345136	0.09004172671539279	0.06161407075597504	0.04032289138750621	0.025360459771454315	0.015419120701084048	0.009118124622948842	0.005274145707154309	0.0029986355309145883	0.001682552147386879	0.000934711338814975	0.000515384440714455
0.16750836630804714	0.12614924281319798	0.09058187205956565	0.06202804783481629	0.040620252652578376	0.025561889614558346	0.015548872947729615	0.009198318217521833	0.005322103533447387	0.003026590320586089	0.0016985311375853755	0.000943710836638093	0.00052039716813688
0.16780304443387467	0.126280790511422	0.09060397482256081	0.0619918410731134	0.04056399288033197	0.025507813964984975	0.01550613672003978	0.009168192183222802	0.005302413847880441	0.00301438261129699	0.0016912420301443568	0.0009394754366113248	0.0005179843866437696
0.16547797821396185	0.12447836551757453	0.08928377181287116	0.06107755423950825	0.03996276630047081	0.025129837322098402	0.015277156050236829	0.009033479034910568	0.005224920536338047	0.0029705508201712956	0.0016667581742201981	0.0009259244474107165	0.0005105348366165876
0.16920442513995557	0.127300671559365	0.0912999289094424	0.062438344200276386	0.0408352600390339	0.02566547399101594	0.015594783759963243	0.00921691843841893	0.00532882229887629	0.0030285845917651455	0.001698852534582069	0.0009435496475725406	0.0005201662815330397
0.16878973915139547	0.12696007809065898	0.09103592393838873	0.06224550729911289	0.04070219485847201	0.0255782336937409	0.015540030119501134	0.009183759040856354	0.005309300381376967	0.0030173401596069395	0.0016924828237945217	0.0009399863093775986	0.0005181914653368034
0.1668182411073737	0.12578336559346515	0.09044382896007014	0.06202290204563166	0.04067405175292818	0.025628788510411254	0.015607095637829145	0.009241433207265585	0.005351110045054403	0.0030449081238944613	0.0017096031635192063	0.0009501985681193093	0.0005241148210577788
0.16643013809511778	0.1251470281031628	0.0897205163491006	0.061343362785135115	0.040114544083847944	0.025212023302041395	0.015319901456112707	0.009055113924790678	0.005235704371858526	0.0029758969920947887	0.0016694139619252712	0.0009272529725258507	0.0005112058757568612
0.16587124293909988	0.1248793028087352	0.0896509960880963	0.06138287747022202	0.040195674717614475	0.02529478815194	0.015386969581511851	0.009103024376446538	0.005267266591576908	0.0029955650368066952	0.0016811973014078867	0.000934115689384053	0.0005151217196214515
0.1660929714266418	0.12524764605006736	0.0900717583011608	0.06177937514098902	0.04052287063169486	0.025538944027036693	0.01555545911566151	0.0092124578359493	0.005335110064427684	0.003036162669790908	0.0017048521787559848	0.0009476265968314	0.0005227250964413838
0.16512463515570433	0.124147845978152	0.08899843325692991	0.060850018336508875	0.03979432307658648	0.025013107821519432	0.015200667693423113	0.008985597461986997	0.0051960124343537525	0.0029535807598145194	0.0016570072012666727	0.0009204113468469371	0.0005074552603914471
0.16532715771028197	0.1242927866227569	0.08909541210867616	0.060910843597727575	0.03983034956204762	0.025033476601847102	0.0152117949984388	0.008991539776193448	0.005199145212607908	0.0029552233281757477	0.0016578679730262242	0.0009208634910390563	0.0005076936455161335
0.1665582577950159	0.12574685192599958	0.09054439153634133	0.06218155473386061	0.0408349012544557	0.025762739126363808	0.015705868236757386	0.009308394795295266	0.005393839345699405	0.0030709935263024406	0.0017250177065953908	0.0009590916580127766	0.0005291557212247921
0.16822086701575967	0.1265665224860817	0.09078401704043775	0.06209625149099386	0.040619893119161844	0.025535610344074786	0.015519061994113873	0.009173843187060809	0.005304740502012749	0.0030152795699311032	0.0016915592140367942	0.0009395723541383902	0.0005180046773781827
0.1682825289365585	0.12672024606048568	0.09097772256361386	0.06228661365591489	0.040780444227760414	0.025656911238299236	0.01560339742077856	0.00922887421386114	0.0053389590980583304	0.0030357962755346744	0.0017035293911180213	0.0009464155105126852	0.0005218581379501454
0.16619582931926866	0.12527949388995557	0.09005823500596634	0.061744308901500074	0.040483528649437876	0.02550477193765878	0.01552969821780651	0.009194764408402728	0.005323726158821315	0.0030291750530313066	0.001700707659051261	0.0009452293215799762	0.0005213637597895777
0.16785697401806188	0.1265276628972184	0.09094214963225963	0.062335352619986246	0.04085883160600574	0.025732962699667777	0.015663774743831953	0.009271551467144715	0.005366901570005371	0.0030531419297095772	0.0017138952441632638	0.0009524423966050037	0.0005252930052784756
0.1671152712136494	0.1257337649318184	0.09019274399954844	0.06169976295382319	0.04036735555956499	0.025381568416967166	0.015428260726756876	0.00912168083693366	0.005275329511761714	0.0029989141229881068	0.0016825361747368692	0.0009346290887463087	0.0005153084207831647
0.16650726700170654	0.12552861243939717	0.09024666242503754	0.06187897194303294	0.04057472568384612	0.02556363570426658	0.015566176441071902	0.009216634339636673	0.005336500607753697	0.0030364885051936004	0.0017048314623452712	0.0009475282228391237	0.0005226344917362342
0.16439114328736157	0.12389377812068522	0.08905310378377777	0.06105491112997954	0.04003436463375571	0.025224802391993137	0.015361383430699507	0.009096393244967759	0.005267449646173606	0.0029974863195197537	0.0016830697157109217	0.0009354944139556621	0.0005160234963702255
0.16733767962397916	0.12594486480216724	0.09037695742359592	0.06184783045621784	0.040477612005696106	0.025458303542477752	0.015478700070563	0.009153327879514778	0.005294467869958624	0.0030101625647625443	0.0016890051910526044	0.0009382889457951607	0.0005173537442486637
0.1678085791482638	0.12650951357002427	0.09094375889192977	0.06234685360548549	0.04087296713528213	0.025745653959780294	0.015673499548681868	0.009278292880392712	0.005371263699655788	0.003055829323289151	0.0017154931214507561	0.0009533682002017549	0.0005258193587035247
0.16953850619756375	0.12761321550909274	0.09156977190146709	0.06265350642696986	0.04099450183979662	0.025775783669666798	0.015667032318393715	0.009262124946946147	0.005356103700538192	0.0030445938107476317	0.0017080486022044796	0.000948747740050202	0.0005230693417295674
0.1657488419741377	0.1247495865338156	0.08952929636843468	0.061280073264199146	0.040116394488645755	0.025238208815480855	0.01534909643357375	0.009078944556106328	0.0052525625081274625	0.0029868611226782017	0.0016761654520650953	0.0009312579777390424	0.0005135201742724242
0.16561829315728133	0.12470712422551374	0.08954318104002008	0.06132090428260535	0.04016292262405962	0.025278815571473417	0.015379759768707185	0.009100016569748454	0.0052661213706291276	0.002995183041157984	0.001681100688953235	0.0009341122158178707	0.0005151408038844513
0.16664998288901237	0.12521287961547506	0.08968902116555777	0.061266526464429864	0.04002952563819797	0.025138776990350543	0.015265007437219882	0.009017578311585688	0.005211636049898535	0.00296116168733949	0.0016606912014638534	0.0009222149645502928	0.000508348093015414
0.16617497677844922	0.12522090981719447	0.0899827031820895	0.06166927074017181	0.04041980021083683	0.025456379064113025	0.015495922328097978	0.009172658753255394	0.005309948990776167	0.003020899970912578	0.0016958732060651518	0.0009424627510952761	0.000519804693656455
0.1668838924327474	0.1255546100355047	0.09006169068637596	0.06160912591719497	0.04030783207213303	0.025344193439562224	0.015405643502835223	0.009108387197216699	0.005267688303570526	0.0029945947901419815	0.001680124634699436	0.0009332948885686187	0.000514575167084629
0.16852431730306794	0.12681649183169702	0.09097833659219277	0.06223857301130429	0.04071834021629071	0.025600290512039707	0.015559728066539488	0.009198506250807746	0.005319276847559618	0.0030236597495284134	0.0016963096033966911	0.000942231176192789	0.0005194787756671885
0.16828362781020234	0.12683933750292034	0.09115576193784133	0.06247305058887887	0.040942895050285796	0.02578205135924313	0.015691497206036135	0.00928684967886022	0.005375221185128421	0.0030576289449462434	0.0017163054061498076	0.0009537350970553966	0.0005259863271932608
0.16749791052538054	0.12599685749604722	0.09035978903760954	0.06179767732744687	0.04042056977894528	0.02540859311037355	0.015441208417945619	0.009127589960578514	0.005277920664123983	0.00300001333470904	0.0016829894419809412	0.0009348112096300448	0.0005153796993856329
0.16558608755906457	0.12464076090567401	0.08946284933333423	0.061243247683624415	0.04009796632370993	0.025229960790917626	0.01534588063569726	0.009077942858716282	0.005252408102390323	0.0029869653214161236	0.0016763077758167448	0.0009313727583777399	0.0005135983907615091
0.1666077001818842	0.12546241269173317	0.09008750708008888	0.06169173337964018	0.040402918669738046	0.025427470056988467	0.015468626262855214	0.009151702449199706	0.0052955705987392625	0.0030117114065058817	0.0016902765872436334	0.0009391664924221947	0.0005179091514439716
0.16867673173593423	0.12682787038172727	0.09090504933560109	0.06213136852276205	0.04061240326219044	0.025513327558760512	0.015496216969450104	0.009155746085460386	0.005292129494728887	0.0030071494708522497	0.0016865807206864478	0.0009366300590101396	0.0005163088084392132
0.166720418855511	0.12563886591371054	0.09028514776770893	0.061876175746352374	0.040554251103421604	0.025539972688066157	0.0155460625604388	0.009201904519717122	0.005326651973509943	0.0030302924345734206	0.0017010953950402476	0.0009453426050130656	0.0005213834691962119
0.1682098672475139	0.12636070891507545	0.09048277520435404	0.06178376279678783	0.0403493148356202	0.02532816502608437	0.01537355941611771	0.009078369905592769	0.0052451582264966806	0.00297946774708973	0.0016706301049962493	0.000927593434186064	0.0005112535905446436
0.1669236323412193	0.12568472045461562	0.09023301656280652	0.06178047887894761	0.04045369320803971	0.025455012828059193	0.015482973460833816	0.0091589734682101	0.0052991987131026114	0.0030135116638876007	0.0016911715367767864	0.0009396144420501481	0.00051813551766912
0.16418092860565062	0.12366523408693006	0.08883527239578236	0.060868906359132745	0.039889795427594146	0.025121022051305092	0.015291604811661459	0.00905187727851774	0.005240196493793118	0.0029813228117578773	0.001673711765709181	0.0009301740225559079	0.0005130393808734301
0.1665631376984545	0.12555804870575588	0.09025755209772296	0.061879075496711865	0.04057008433874424	0.025557989347967214	0.015561294058143951	0.009213028957252527	0.005334078458585658	0.003034960109641599	0.0017039080681293187	0.0009469873090436363	0.0005223245899102072
0.16670209588191273	0.12552057011882164	0.0901185932787385	0.06170526886873152	0.04040677859604346	0.025426986888110768	0.01546677955212623	0.009149838796395405	0.005294130141156209	0.0030107293401453045	0.0016896545249817086	0.0009387907388764333	0.0005176893749002914
0.16806256706927647	0.12672502830589435	0.09111595537198551	0.06247610042412693	0.040964278771207646	0.025806713524146492	0.015712442957789504	0.00930218104468121	0.005385468435164048	0.0030640741193529338	0.0017201909123108114	0.000956007799033139	0.0005272870496759092
0.16712809229602354	0.12617004793508133	0.09084012560895467	0.06237641372014365	0.040956708440246625	0.025835624477564774	0.015748030780670944	0.009332194315602215	0.005407049634482228	0.003078246000298662	0.0017289719262260337	0.0009612385333648021	0.0005303184107881337
0.16868963527351755	0.12705474104163741	0.0912371878477093	0.062476317140696666	0.04091148772531262	0.02574291756140572	0.015657429079483216	0.009261623719753087	0.005358252956362718	0.003046915436869547	0.0017098308271703837	0.0009499418074577239	0.0005238129098499008
0.16812777307792026	0.12680518319990275	0.09119747833181964	0.06254847462633721	0.04102195159706487	0.025848809184386666	0.015741070563128106	0.009320589312986455	0.005396801071272739	0.0030708219952896645	0.0017241087054048773	0.0009582397756450096	0.0005285407745586043
0.16928086204572532	0.1274780963025643	0.09152036955511825	0.0626536950290761	0.0410162924473748	0.025801965776037092	0.01568954621917956	0.009278690750592984	0.005367204278724444	0.003051585038312379	0.0017122664110747986	0.0009512158585641926	0.0005244822624567362
0.1658601707890673	0.12517909091257734	0.09010782258672655	0.06186465259920426	0.04061723566181138	0.0256205086344671	0.01561681326052551	0.009254552677758812	0.005362178723093662	0.0030527728842677654	0.001714702477562263	0.0009533236894166899	0.0005259601246949022
0.16534984024463154	0.12461135736515327	0.0895592364240119	0.06139197000306834	0.04024753236121489	0.02535391338405572	0.015436973702690862	0.009139546358244337	0.005291646522400892	0.003010887026110751	0.0016904294328539573	0.0009395138299144753	0.0005182104575975822
0.16858356237065045	0.12705246848404247	0.09129695231988079	0.06256042752377688	0.04099376734722125	0.025810219080321817	0.01570651862149291	0.009294663146896465	0.005379229718438899	0.003059675184256174	0.001717351212015126	0.0009542722757769354	0.0005262641466677237
0.16523840937982381	0.1246361579245715	0.0896629699291123	0.06152350930450675	0.04037187359070591	0.025454032374976426	0.015509397579179952	0.009188062241350332	0.005322363254023157	0.0030295391726810287	0.0017014106321241729	0.0009458326060161842	0.0005217854498112484
0.1673437546544642	0.12616692782862987	0.09070647494239399	0.06219204178121266	0.04077719625744508	0.02568894531854724	0.015641023576543987	0.009260130229555628	0.005361264504031779	0.003050377989097195	0.0017125380662813552	0.0009517712665427444	0.0005249576786902659
0.16458561003732766	0.12385260717066651	0.08887579534507581	0.06082984306850051	0.03982176344960347	0.02505379408501871	0.015237805186557776	0.009013682577611122	0.00521512102379553	0.0029657288765543694	0.0016643811834195703	0.0009247443059651557	0.0005099429118590215
0.1662404096030013	0.12541513826802178	0.09023547262003907	0.06192142915513527	0.04063448065300703	0.025619670982974515	0.01561002901297999	0.009247405432790923	0.005356564902623622	0.0030489129480612345	0.0017122448561443953	0.0009518341448021866	0.0005250868815061685
0.1657062811256574	0.12459018554591517	0.08931592961646172	0.06106542832339196	0.03993318498181646	0.025098811153902605	0.015251741728174782	0.009015224987357564	0.005212857428403545	0.0029630189975874354	0.0016622400236977703	0.0009232907722132095	0.0005090311753793746
0.1679413758017332	0.12649455664773102	0.09084218371335373	0.062213439095493754	0.04074538145774871	0.025642405760520275	0.015598635032740952	0.009228085045455968	0.005339458866370767	0.0030365119962558603	0.0017041193528717674	0.0009468234319588753	0.0005221165569331358
0.16643369758387636	0.12554008603155947	0.09030782869817239	0.061958157394781645	0.040650141392780836	0.025624585223256172	0.015610358164466867	0.009246268672905471	0.005355278014175342	0.0030478967401003274	0.001711550286531328	0.0009513952915034601	0.0005248227439517516
0.1704354351934598	0.12829657606056866	0.092060933337609	0.06298702931886761	0.04120959175568136	0.025908541021935277	0.0157461337455865	0.009307997155588553	0.005382175891846295	0.0030591972313188747	0.0017161427829596337	0.000953200573507278	0.000525505904603741
0.16735304587026736	0.12613523214720096	0.09065332827323784	0.062134375496952096	0.04072607445148467	0.025649164311687907	0.01561283346060471	0.009241496167088008	0.005349572664612505	0.0030433226820797982	0.0017084027112990836	0.0009493992411080522	0.0005236187152151547
0.16896785040863552	0.127314687037553	0.09146155430266663	0.06265528597510912	0.04104404338593299	0.02583482519602833	0.015717680026515225	0.009299354365070097	0.0053810387465288165	0.0030602941645674507	0.0017175193347007392	0.0009542892605678685	0.0005262415439886568
0.16711315049701764	0.12558416640103595	0.08997024378203561	0.06146765452739619	0.04016577026631536	0.025226715767273845	0.015319495776597523	0.009050240027552003	0.005230710848750595	0.002972080580714812	0.0016668473040844236	0.0009256465248710455	0.0005102447904215544
0.167104468537731	0.12583665768041505	0.09035331695336281	0.06187004876153571	0.04051653800512583	0.02549679676288978	0.015509500142296089	0.009175185954376006	0.0053088120668910825	0.003019079495509861	0.00169433886209123	0.0009413919291448768	0.0005191229502864416
0.16762004406764056	0.12627043583980613	0.09069720754203218	0.06212638030360238	0.04069655946339472	0.025616582758346416	0.015585594628320954	0.009221716044822184	0.005336412998662355	0.0030350699128706402	0.0017034371629272172	0.0009464986748583898	0.000521960198990929
0.16647741048593137	0.12538279591241447	0.09004558681853228	0.06167409047505377	0.040398502465324525	0.025428843388363934	0.01547167531415425	0.009154605470646745	0.005297766475602303	0.003013192350723603	0.001691208783694327	0.000939727372374764	0.0005182363599023323
0.16686392744887463	0.12578396046357518	0.09041746489960051	0.06198595638669192	0.040637922350938264	0.025599218753576205	0.015585509458381637	0.009226892470902394	0.00534187115548522	0.0030392847467890973	0.0017062871578582646	0.0009482883526612442	0.0005230332246466116
0.1690794291090723	0.12727834388173523	0.0913406721871295	0.06250611191971642	0.04090468943328621	0.025723426721115078	0.015637505531389078	0.009245848776808811	0.005347259360416886	0.003039826525437303	0.0017054889117290245	0.0009473752114166136	0.0005223333404354505
0.16623036869866928	0.12528700877889923	0.09004892887861261	0.06172754353200332	0.04046597121349494	0.02548995040784939	0.015518692750578824	0.009187273807188171	0.005318934774652075	0.0030262455258529383	0.0016989747776877935	0.0009442288898899946	0.0005207964141678149
0.1649478077945727	0.1243743654588424	0.08944300835844145	0.06135143968359776	0.04024618547979496	0.02536773493363661	0.015453210945090848	0.009153045247904903	0.0053012874340847395	0.0030171938907128113	0.0016943280250668279	0.0009418326038058576	0.0005195528584539973
0.16793720363390716	0.12639192585590242	0.09069082546611372	0.06205575614804343	0.04060838940287069	0.02553708569699046	0.015524593886174843	0.009179411956616309	0.005309038752391578	0.003018207204362603	0.001693412352123405	0.0009406911575025544	0.0005186588109308849
0.16822415269974722	0.12677771382642955	0.09109869363305974	0.062425223708959594	0.04090619722550092	0.02575594783178203	0.015674062938435276	0.009275782061114719	0.005368470241257372	0.0030536359275167707	0.0017139982960455806	0.0009524253720773424	0.0005252525398996685
0.16642370618375862	0.12542464012355806	0.09014034530281964	0.06178431799750849	0.04049917269889229	0.025508430151510726	0.01552860580457894	0.009192462818959154	0.005321614230167093	0.003027622062543031	0.0016996825367184617	0.0009445943986380395	0.0005209863354939465
0.16581235266445954	0.12489997887506664	0.08971700317972509	0.06146392744535285	0.040271275344741994	0.025355199837440254	0.01543045230198255	0.009132051249016632	0.005285598015574565	0.0030066759506360927	0.0016877298510728396	0.0009378708886170951	0.0005172447500800965
0.1656113676367725	0.12478132502970847	0.08965859345602512	0.06144329317742265	0.04027022715991728	0.02536178230177644	0.015438314395907352	0.009138617449461093	0.005290296374507108	0.003009752251892166	0.0016896323500289916	0.0009390027306245492	0.0005179001002123211
0.16773802988430175	0.1261825608142953	0.09049545059904172	0.061891367835064	0.04048201111150397	0.025447120677453153	0.0154644952000993	0.009141263092360075	0.005285773329029099	0.0030044491644864537	0.001685464692521067	0.0009361800887274975	0.0005161317732663825
0.16771916542175141	0.12630312530624063	0.0906872682715119	0.06209595176163082	0.04066169390259504	0.025586086977392994	0.015562540013266629	0.009205862422464085	0.005326207927206012	0.003028804906299137	0.0016997211885558749	0.0009443493701703888	0.0005207397490111508
0.16658091115528903	0.12540190682453634	0.09001272910427384	0.06161880150968159	0.04034162750873187	0.025381245151410582	0.01543651633202566	0.009130758621056424	0.005282549918287635	0.0030039049503537657	0.0016857220332100163	0.0009365626739154383	0.0005164428708014481
0.1675141617564472	0.12616161558127562	0.09059697970157549	0.06204270935778866	0.040632542172265015	0.025571144014926016	0.015555295171288647	0.009202504358731729	0.0053247048292379105	0.003028149391081456	0.0016994405341065136	0.000944230643534262	0.0005206898479290441
0.16675999837826422	0.12577035925059635	0.09045905922214427	0.062050727612612745	0.0407033012458104	0.0256535272297173	0.015625486822185734	0.009253960857305309	0.005359127975450662	0.0030498124265825335	0.001712505033212103	0.0009518742466536682	0.000525065250228138
0.16874733778429649	0.1270610720284723	0.09121236306443958	0.06243866736436398	0.04087383521873694	0.02571181096044573	0.015634618463425436	0.009246222746594404	0.005348455578046911	0.0030409482220816776	0.0017063108091888949	0.0009479136687311712	0.0005226644166014555
0.16826733460321544	0.12667498245351874	0.09091890331206642	0.06222807294651502	0.040730733218989096	0.025619195661385017	0.01557710291644788	0.009211683820306675	0.005328255740452027	0.0030293726580649	0.001699779045297879	0.0009442704286231927	0.0005206497785959757
0.1661226257333766	0.1251479409135494	0.0899043713213096	0.06159770043975879	0.040361784706618	0.025413571064093355	0.015466599791317462	0.00915371045694459	0.005298243639519146	0.003013913108264028	0.001691809542790382	0.0009401447402074021	0.0005185014459581765
0.16698997253269246	0.12574761996491507	0.09028788465779061	0.06182458489726138	0.0404865478410463	0.025477889459858294	0.015498018043383174	0.009168417112589046	0.005304911905488129	0.0030168706146743722	0.001693103763896313	0.0009407078149455238	0.0005187466433458417
0.16920390124053158	0.12713679051398938	0.09105514939416083	0.062182728048723185	0.04061322975050165	0.02549495814330245	0.01547506462137321	0.009138315949904422	0.0052797502164419335	0.0029990828418307645	0.001681608462076264	0.0009336788597972451	0.0005146029062119056
0.16806259074827548	0.12637156605426936	0.09058603565613582	0.06192100145968242	0.04048071408469095	0.025434361133431206	0.015450412581096553	0.0091298120031623	0.005277689736522888	0.0029991988643238918	0.0016822346361746391	0.0009342652531544706	0.0005150257986370517
0.16635219016594105	0.12548260691259658	0.09027011404328245	0.06193509871695288	0.04063691932602699	0.025617400105138875	0.015606610830774227	0.009244368366033677	0.0053543297086490575	0.003047426357761626	0.0017113166016278724	0.000951278422001654	0.0005247637376987699
0.16878623293443737	0.1270506619693509	0.09117364999582747	0.06239029493151497	0.04082845091941942	0.025675459282273532	0.01560842913724847	0.009228735054846478	0.005337411537717282	0.0030342550697995204	0.0017023762293037494	0.0009456522277396809	0.0005213860557329879
0.16544160691356466	0.12465613152855985	0.08957178744229011	0.06138657003791093	0.0402350678012839	0.02534091676293527	0.015426336853862398	0.00913190325902465	0.00528659198742795	0.003007728847720799	0.0016885337260748533	0.0009384082352071715	0.0005175789779964093
0.16860484699920666	0.12713272632530487	0.0914048022898185	0.06266930051560647	0.0410869782080355	0.025881321552058387	0.015756279424316028	0.009327285328278869	0.005399582928291548	0.003071908560183302	0.0017245014568113832	0.0009583653539038561	0.0005285712406664303
0.16731851201780665	0.12598392296243904	0.0904468721707999	0.06192490084816829	0.040546339901897425	0.02551191416545972	0.015516726072648628	0.009178470770128006	0.005310243643479424	0.003019681229011661	0.0016945836258812487	0.0009414882890622049	0.0005191595052793681
0.16809761793450703	0.1267302130759682	0.09110282336718488	0.06245520060849888	0.040943061500620985	0.025789047085948775	0.01569942366385734	0.009293360730683441	0.005379843595605442	0.0030606421169199543	0.001718163742697489	0.0009548386716911261	0.0005266245263769435
0.16578036642144256	0.12498408063130985	0.08986230398080655	0.06162285072002589	0.04041266570354153	0.025465442095319226	0.015508670760303484	0.00918379837572433	0.005318085870433806	0.0030262888719714063	0.001699229304163496	0.0009444684807771674	0.0005209696101389108
0.16790133963246687	0.12631558062640974	0.0905977728068868	0.061965603917983184	0.040532943485497804	0.025480355217957665	0.015485274637477554	0.009153809764321874	0.005293142857005761	0.003008686446657576	0.0016878618093592562	0.0009375197370726164	0.0005168736557977344
0.16831215527353172	0.12670594252333797	0.09093867546609677	0.062239748561850605	0.040737139378274834	0.025622489719604808	0.015578707272292313	0.009212432254949124	0.005328593731504518	0.003029521838124233	0.0016998439418792785	0.0009442984594770007	0.000520661878478173
0.1669251422451079	0.12586369904066216	0.09050072695370007	0.06206095369461871	0.04069821723489795	0.025643483058109897	0.015615730165882243	0.009246378438575236	0.005353890634506993	0.0030464516251797226	0.0017104524472230805	0.0009506630823735222	0.0005243678552998141
0.1673360738662697	0.12593747069241995	0.0903668342485319	0.06183755741341282	0.040468803403597646	0.025451583192760224	0.015473998534628872	0.009150247201138119	0.005292546770223215	0.0030090083807799814	0.0016883308248570876	0.0009379030201124814	0.0005171362611483391
0.16878836325009527	0.1271379179364733	0.09130319859943802	0.062525558329362	0.040946087374615255	0.02576594725028974	0.015672061271152	0.00927057171533434	0.005363560931360272	0.003049990587249245	0.0017115805240894828	0.0009509238737673481	0.0005243585268387134
0.16769589441821495	0.12626807066443965	0.09064854610588191	0.06206007895419743	0.040632396221985834	0.025564376214985023	0.015547631073573523	0.00919621362632943	0.00532024183629114	0.0030252417190139466	0.0016976480231388309	0.0009431665040823715	0.0005200746045491132
0.1661122024667758	0.12515932910423097	0.0899276643981586	0.06162423560791289	0.0403858096423661	0.025432478135271483	0.015480088313791242	0.009162664867998051	0.005303878105953706	0.0030173198317595827	0.001693809079876396	0.0009412927850642284	0.0005191499479998104
0.16620360704712495	0.12525851875869454	0.090022102868816	0.061704813012732944	0.040448395828390674	0.025477379702727117	0.015510262832174078	0.009181906230834981	0.005315653373842355	0.003024301426250436	0.001697850113993683	0.0009435898427730392	0.0005204381379752777
0.1683669621094714	0.1268129455134132	0.09106651572046831	0.06236261061458338	0.04083955969135087	0.02569934604128373	0.015631915807893984	0.009247056256010858	0.005350083131692126	0.0030423899414653956	0.0017073449431446916	0.0009485839461497322	0.0005230739933804926
0.16786469135434348	0.12637498030474398	0.09070849257506462	0.06208884784489928	0.04064328032974675	0.025566585039814547	0.015546496753536075	0.009194310823068291	0.005318562088158299	0.003024026025252948	0.001696852350130862	0.0009426762273230868	0.000519784136557095
0.16683965491236255	0.12558322713433845	0.09013079151209744	0.06169033620370546	0.040382224806533966	0.025403052048105446	0.015447744374054958	0.009136373313663796	0.005285310279887811	0.003005253131137708	0.0016863815163282584	0.000936887616397982	0.000516604690218252
0.16774109775508586	0.12656599460917417	0.09106898078614016	0.06249211315775496	0.04100559177325447	0.02585054011881785	0.01574856598169338	0.009328235204359245	0.00540273776225664	0.00307488014652017	0.0017266836233926963	0.0009597969634572376	0.0005294523177069418
0.16877240778288055	0.12715937764361662	0.09134489606324375	0.06257249349116618	0.040988345146481656	0.02579908979364424	0.015695649688165125	0.009286203817140187	0.00537338444756111	0.003055924259152593	0.0017150606402573584	0.0009529208873284692	0.0005254861200158458
0.16433591408463344	0.12414697602433343	0.08946700070198085	0.06150144259263202	0.04042968971417069	0.0255325007800197	0.015579608818653034	0.009240785599065555	0.0053581335349388625	0.0030522534997729014	0.0017151923581978422	0.0009539297717855407	0.0005264342598480977
0.16686219263024835	0.12581529862934449	0.09046557633131001	0.06203681853332325	0.04068247804851286	0.025633665285904696	0.01560982429590475	0.009242925149451513	0.005351914348495654	0.0030453384895989762	0.001709832745611016	0.0009503209962400903	0.0005241801753068212
0.1683758857973185	0.12693045688214172	0.09123758036161235	0.0625402119876515	0.04099369586843707	0.025817824826714606	0.015715219553574963	0.009301831945131742	0.005384326117287475	0.0030629998112295816	0.0017194025423311152	0.0009554907994372198	0.0005269689499363772
0.16997428041429977	0.12786651569985213	0.09169052907522961	0.06269224317617807	0.04099174785578286	0.025757816786266003	0.01564750848066742	0.009246332217009547	0.005344983444727294	0.003037381632600547	0.0017036155820185075	0.000946121334795106	0.0005215529964300504
0.1669759529792892	0.1259137466274923	0.0905455991585496	0.06209776248617276	0.0407260548065666	0.025663088617279537	0.01562873472345467	0.009254594327994716	0.005358885089984786	0.0030493985824200888	0.0017121522081637798	0.0009516268158436547	0.0005249073089859511
0.16839766083530858	0.12672574690785604	0.09091758092296764	0.06220046281768652	0.04069577728377374	0.025587545170394164	0.01555277408902706	0.009194798096780329	0.005317324975889589	0.0030226379252822014	0.0016957748888813387	0.0009419506548828397	0.0005193310327206547
0.167452548213533	0.1262741059258949	0.09080257460825818	0.0622708692894613	0.04083680547472988	0.025730921599469766	0.015668862975592845	0.009277716023227488	0.0053719537173472	0.003056684511704887	0.001716175294908346	0.0009538333845401653	0.0005261119038900444
0.16540534234422077	0.12442423207591181	0.08924577726787543	0.06105238435395279	0.039946931527167044	0.025120294204684677	0.01527159390288187	0.009030316018932751	0.005223152715651421	0.00296957434638611	0.0016662230139994733	0.0009256326537598967	0.0005103762712584708
0.16679527249771128	0.12594131847552803	0.09069517495286762	0.06229184201228226	0.04091115849618235	0.025812849740472772	0.015737389420270677	0.009327522950827317	0.005405119903794741	0.0030775000287082276	0.0017287075209631304	0.0009611575555182886	0.0005303013871195739
0.16717705692983306	0.12587861077851678	0.0903730675182087	0.06187610349084982	0.040515712206139316	0.02549350323880707	0.01550602366148122	0.009172400088531065	0.005306858556396918	0.003017815196922968	0.001693562658793846	0.0009409323709645499	0.0005188577370480054
0.1689208662472797	0.12710615112822898	0.09117685514784889	0.062366570327472545	0.04079653134331131	0.02564600077429247	0.01558558216571317	0.009212799348319369	0.0053270648319205804	0.0030278679326928935	0.0016985738699059692	0.0009434474307372278	0.0005201319046804058
0.1672513805909126	0.12593370619644353	0.0904114896149244	0.06190136941176861	0.040531479560694854	0.025502926423782105	0.015511470786934088	0.009175473871727576	0.005308564688611061	0.0030187520276718756	0.0016940735728740415	0.0009412098404401533	0.0005190080464677357
0.16776254649192612	0.1263917042853919	0.09079432304621775	0.062199398401879435	0.04074821034156417	0.025651151901867997	0.015607656275760242	0.009235254703311813	0.005344466030019874	0.003039745122595285	0.0017061014619177304	0.0009479958629830649	0.0005227927459485721
0.1684535643202997	0.12696366950052632	0.09124112819617622	0.06252819151890064	0.04097663428462574	0.025801800886551204	0.01570267814942141	0.009293034590539949	0.005378592289174955	0.003059450736467933	0.0017172856568250015	0.0009542616138426926	0.0005262690451484229
0.16948681330467535	0.12752496681862047	0.09146827176417516	0.06255769809373274	0.04091546842921171	0.025716881365058154	0.015626446231556478	0.009235803911465418	0.0053398076743537	0.0030348531258869212	0.001702378131982906	0.0009455112317854821	0.000521248957891339
0.16923719635529239	0.12735337806915567	0.09135941176180123	0.06249398203494727	0.0408809174964959	0.02569939048487629	0.01561810297187442	0.009232019062058212	0.005338161781369663	0.0030341630076268027	0.0017020982580248565	0.0009454014900966689	0.0005212075690140586
0.16587706048533263	0.1248937083369036	0.08966913206151982	0.061400703377982396	0.04021071819445256	0.025306162908155645	0.015394884465599246	0.009108192980477225	0.005270482583220808	0.0029974943283121707	0.001682323411706474	0.0009347596888294996	0.0005154844586241228
0.16766588511407604	0.12628214626890336	0.09068749583179637	0.06210694234025642	0.0406757543248019	0.025598870220104725	0.015572389737897265	0.009212709830036112	0.005330645649082789	0.0030315414213673074	0.001701349209109603	0.0009452929857542154	0.0005212763591970147
0.16672016117792682	0.12556269898460642	0.09017102049716497	0.061756558703078446	0.04044995719215843	0.025459587952215156	0.015489443004953841	0.009164629068215252	0.0053033287309623405	0.0030162458300299127	0.0016928736890953944	0.0009406313943642682	0.0005187260105357599
0.16689070758117946	0.12569809005322685	0.09027263755813032	0.061828635858640076	0.04049842937567332	0.025490681144291562	0.015508609966940637	0.009176070285458358	0.005309988303237803	0.003020048005654733	0.0016950130548717844	0.0009418220981426228	0.0005193833743750477
0.1682238784418951	0.126488691011658	0.09066576398786234	0.061972017007695474	0.04051162270303263	0.025452275973446112	0.015460459024938053	0.009135320743389226	0.0052806688341813825	0.0030007979450922193	0.0016830901871525276	0.000934722670429769	0.0005152705091845814
0.16736623119427285	0.12586312806429695	0.09023767221453387	0.06169640403382993	0.040343488285153446	0.02535410813638919	0.015404995521901754	0.00910468731498892	0.005263990497206222	0.002991791721007725	0.0016782467774467066	0.0009321220856934845	0.0005138744372706527
0.1671367795439238	0.12580799755534464	0.09029116432551505	0.06179844211900674	0.040451449435831476	0.025445495636751955	0.015472882208785715	0.009150874852730286	0.005293515970697474	0.003009832538955592	0.0016889123213065429	0.0009382766897588889	0.000517363434471142
0.16561277435701757	0.12462733554866783	0.08942690572597592	0.06120025071074679	0.04005828691276911	0.02519843821187341	0.015323274180293028	0.009062888718930717	0.005242917019579094	0.002981219565646471	0.001672932532746662	0.000929433731205856	0.0005125026450826058
0.16819529279327997	0.12660189642264771	0.09085217331645869	0.06217271453749841	0.04068857602467933	0.025589379476023175	0.015557275071248553	0.009199137934839549	0.005320621992650461	0.0030248658476834858	0.0016971786735965743	0.0009427957396739482	0.000519824198269902
0.16632739099671714	0.12527928258488852	0.08997956488139917	0.061635173092565165	0.040377205734537576	0.025417936128744517	0.015466394112739125	0.009152162439068846	0.005296676097453693	0.003012718747149421	0.0016910071387370644	0.0009396427086053163	0.0005182011300166681
0.16752767109732783	0.1260920303692001	0.09048465120948726	0.06192233797270738	0.04052655748896159	0.02548904393587169	0.015497305817253476	0.009164265168567281	0.005300755240309272	0.0030137168520201494	0.0016909896877058007	0.0009393869166523877	0.0005179571838353556
0.16638413264169005	0.12548572537078623	0.09025571873827593	0.0619134795530324	0.040615312021832474	0.025599526899520657	0.015593481908764804	0.00923548919033692	0.005348672807233914	0.0030439767163717834	0.0017092796860824916	0.000950103909799502	0.0005240982462844549
0.16948732103962105	0.12772658528993175	0.09177026048778902	0.0628739044443287	0.04119082423354375	0.02592883053795216	0.015775544255143697	0.009333851272508673	0.005401097074731428	0.0030717363190976427	0.0017239531061954843	0.0009578682064924495	0.0005282166104492294
0.16844374380899155	0.12680870737825004	0.09101451137801415	0.06229265025922717	0.04077216291884726	0.025644641592643545	0.01559219706048797	0.009220403068475344	0.005333195113491021	0.0030321317676036373	0.0017013049974643904	0.0009451084609547952	0.000521107737879412
0.1661984228362341	0.12533166630171194	0.09013506856920718	0.06182446160756259	0.04055330796804754	0.025558536434810892	0.015567572882651877	0.009219706897009069	0.005339338011173385	0.0030385803744600887	0.0017062142133543949	0.0009483853714478439	0.0005231442967297914
0.16883841571125652	0.1271132240098964	0.09123640550980425	0.06244548938117513	0.04087212837919739	0.025707167911480963	0.015629901981883153	0.00924249727214696	0.005345862469989143	0.003039277338246244	0.0017052878737371445	0.0009473091757969175	0.0005223160170096615
0.165468563533618	0.12479492732950227	0.08976417300723889	0.06158307725065413	0.040404375667801536	0.025470593654717665	0.015517351172768274	0.009191696422993478	0.005323956406025318	0.0030302136391200207	0.0017016875636912672	0.0009459430605530326	0.0005218281680914502
0.16611561589993606	0.1250616256061987	0.08977910704123018	0.061467837858189	0.040249176379489576	0.025327058036622597	0.01540578995379993	0.009113732128511786	0.0052732533294140675	0.0029988727220839804	0.0016830104221765795	0.0009351044129449732	0.0005156590570644599
0.1666562418067275	0.125498590472656	0.09011289453835784	0.061708544079833984	0.04041348696303235	0.025433833235341614	0.015472330997905069	0.009153806857080683	0.005296745499453064	0.003012359748858469	0.0016906316197611857	0.0009393599399695381	0.0005180142163063183
0.16945653120651719	0.12780465583751088	0.09190592090538341	0.06302253518482079	0.04132313878913626	0.026032007428836112	0.015848738745352642	0.009382261908675622	0.005431481304402666	0.003090074197010243	0.001734702386831501	0.000964034176855927	0.0005316972349529445
0.16879959996053415	0.12719177415740562	0.09137731811904619	0.062600990882517	0.04101089899575504	0.025815470714697506	0.015706748906493255	0.00929332130687052	0.005377757148741838	0.003058523916349811	0.0017165682563697784	0.0009537790454439423	0.0005259678507588084
0.16904265685653289	0.1274408630537161	0.09160640671830231	0.06279209775836368	0.0411570657140222	0.025919201544742036	0.01577591360124721	0.009337174353356233	0.005404481977389796	0.003074320361735386	0.0017256906824388823	0.0009589558579454081	0.000528867427589231
0.16676797126072848	0.12568848832762705	0.09033130789143277	0.061914979503216075	0.04058409192237307	0.025561234614794152	0.015560281648315381	0.009210940156567286	0.0053321677341318895	0.003033556804292112	0.0017029823506935732	0.0009464141752324061	0.0005219839801978968
0.1669620993461807	0.12580682600301804	0.0903932841384315	0.061940704846465786	0.040590135253592834	0.025558741965500512	0.015555404221596382	0.009206383642589482	0.005328745848305173	0.0030312572480347636	0.001701537803056959	0.0009455461082969188	0.0005214779717127962
0.1665081163221245	0.1256107085721394	0.09036954155368022	0.06200787751858557	0.040687268261616186	0.025650497695444596	0.015627435422230978	0.009257007607073691	0.005361784411738698	0.003051726515835887	0.00171375535684432	0.000952643923322668	0.0005255210164955129
0.1693949037428561	0.12762546207909078	0.09167354890226606	0.06279118974639726	0.041126503803335546	0.02588266546495479	0.015744520351481155	0.009314072049458166	0.005388995853303787	0.0030645634063974363	0.0017198023459571862	0.0009555092600322544	0.0005268939316807146
0.16634146742432546	0.125252773183042	0.08993144454262912	0.06158190474419517	0.04032959115041753	0.025380733089427933	0.015439972647274558	0.009134675320386572	0.00528569551453945	0.0030060894674625196	0.0016871202887162487	0.000937412765050186	0.0005169421924173672
0.1648445481928283	0.1242509859676904	0.08931926352012344	0.061242444587726964	0.040159739176310584	0.02530481914779202	0.015410500428597236	0.00912561153197464	0.005284410046137776	0.003007148779190107	0.0016884974605527177	0.000938511501613761	0.0005176875759732849
0.16737107781825433	0.12626496825882946	0.09083751710077344	0.06232414158668649	0.04089027120032151	0.025775225190228578	0.01570143404446064	0.009299753451837516	0.005385996780151484	0.0030652490805689304	0.0017212327103696796	0.0009567496337146024	0.0005277643018033162
0.16913391964034788	0.12748764394815246	0.09162221977068256	0.06279018838327555	0.041147674662954464	0.025908590870803702	0.015766967929736305	0.009330650975244189	0.005400131536651946	0.003071588004601256	0.0017240450649853173	0.0009579939568409288	0.0005283171716202211
0.1663302022117456	0.1251390409247635	0.08976774777572914	0.06141279125048705	0.04018327096754748	0.02526850190811596	0.015361183168991247	0.00908292617369004	0.0052533711457025956	0.0029866460338863515	0.0016757500865745786	0.000930901752248526	0.0005132713194888291
0.1680122756848774	0.1265714549289483	0.09091534567302176	0.062275806107634196	0.04079377413644271	0.025677088862355812	0.015621920330161793	0.009242920911783083	0.005348531688891996	0.0030418882390927764	0.0017072297909108821	0.0009485908927141986	0.0005231074855383535
0.16695082594629743	0.12559921518308573	0.09008879240279329	0.06162403838621217	0.04031521357710686	0.025347438453796715	0.01540686602401838	0.009108735501479035	0.005267713164047804	0.002994529258871433	0.0016800531069170645	0.0009332403619866615	0.000514538923938944
0.16647706949860258	0.12530551114685026	0.0899299446369853	0.061553021309870726	0.04029304784438723	0.02534763486179431	0.015414517467369885	0.009116998099370468	0.005274246680516458	0.002999032571062759	0.0016829231605560474	0.0009349805433173907	0.0005155592361044371
0.16972877115811438	0.1279057951398966	0.091895365293758	0.0629562335930436	0.04124222618781862	0.02595955703371575	0.015793306410838984	0.009343873440128653	0.005406659105380596	0.0030747898660461494	0.0017256181137943827	0.0009587723069488211	0.0005287063119093387
0.166284251083677	0.1251938142836019	0.08987706124298891	0.06153646553663611	0.04029480589950729	0.025356033451961815	0.015423497808154761	0.009124227036016588	0.005279326960910047	0.0030023246244776083	0.0016849458594098445	0.0009361787120193404	0.0005162509445080036
0.1683758857973185	0.12693045688214172	0.09123758036161235	0.0625402119876515	0.04099369586843707	0.025817824826714606	0.015715219553574963	0.009301831945131742	0.005384326117287475	0.0030629998112295816	0.0017194025423311152	0.0009554907994372198	0.0005269689499363772
0.16561327152070107	0.12482637906879504	0.08972509073884269	0.06151267851461754	0.04033061921688636	0.02540829854683964	0.0154710722202078	0.009160184053538686	0.005303792061748112	0.003017881201954362	0.0016943909525985459	0.0009417298046641036	0.0005194385000441944
0.16723622782720074	0.12605583564504	0.09060375352710766	0.062106020066121856	0.04071121040822953	0.025642009861084444	0.01560967221084649	0.009240224342224837	0.005349120277353385	0.0030431938004798703	0.001708386564876802	0.0009494142321553185	0.0005236370080080913
0.16793160571410973	0.12640328264956655	0.09071116238764668	0.06207816997851156	0.04062837017552261	0.025552665617728083	0.015535640693893375	0.009186713773837845	0.005313618993269588	0.003020970185662285	0.0016950313220033808	0.0009416195439354674	0.0005191827534074103
0.16867984687779194	0.127031246171164	0.09120777528862742	0.062447474074342556	0.04088717968508749	0.025724555707060687	0.015644662439244273	0.009253292207406925	0.005353071693344385	0.0030438084880229374	0.0017080179356359607	0.0009489053208838914	0.0005232292145493584
0.1661796430462228	0.12532834807421595	0.09014129534480957	0.06183481748230635	0.04056395026803567	0.025567450295546686	0.015574165450061898	0.009224183919583247	0.0053421978879243685	0.0030403274588427097	0.0017072470778110066	0.0009489814444657856	0.0005234822434373812
0.16756341430668234	0.12619059216129724	0.09061114173143407	0.062047610503716856	0.04063266962394977	0.025569437126136678	0.015553306822631749	0.009200857375546044	0.005323531250412048	0.0030273828956186516	0.0016989672777694832	0.0009439494059432466	0.0005205271353995857
0.1680152753189526	0.12662880630376816	0.09099963864179057	0.0623636036463559	0.040870093872861606	0.025735808697966645	0.015663232460876482	0.009270096966987416	0.005365525948399088	0.003052118847724631	0.0017132160688656012	0.0009520203662892289	0.0005250416235611466
0.16685478309946933	0.12566351220941824	0.09024214662620439	0.061803931015348	0.040479919092822995	0.025477736649635967	0.01550006980511218	0.009170696761786565	0.005306731703812651	0.0030181308566743447	0.0016939091565121268	0.0009411970000947606	0.000519033801227729
0.16760408167027777	0.12615574700755663	0.09053474911608564	0.061959406240543365	0.040552425813040256	0.025506165750818852	0.015508135849440219	0.00917086494878241	0.00530465974826698	0.003015974299502204	0.0016922721565127174	0.0009401059111769704	0.0005183563015508113
0.16697713827825753	0.1258881969326492	0.09050650271066374	0.06205646769016873	0.04068989220145406	0.025635134465827363	0.015609003527155024	0.009241584095440517	0.005350735158994038	0.0030444859849618434	0.001709274938059469	0.0009499772935585033	0.0005239765324287954
0.16760819809766303	0.12626380214122626	0.09069430624055898	0.06212573234306491	0.04069699294703718	0.02561735190324178	0.01558632596937637	0.009222279086740661	0.00533679984192884	0.0030353173159997676	0.0017035879213637877	0.0009465874929277005	0.0005220112840726754
0.16534815728105287	0.12463049955907851	0.08958897978129675	0.061423525884118334	0.040275220803986225	0.02537533974632927	0.015452107334214453	0.009149529563055214	0.005297902260147921	0.0030146587380592694	0.0016926388840959293	0.0009407806620006126	0.0005189253635168298
0.16649448552939344	0.12553494352011482	0.09026379980064654	0.06189955868727642	0.04059378614370939	0.025578819143775935	0.015577089651303142	0.009223914773037672	0.005341097151085459	0.003039274223460726	0.0017064692460087593	0.0009484696961238585	0.000523166769116534
0.16731207950830676	0.12624031909742545	0.09083572707090125	0.06233426998094813	0.040904147293417355	0.025788137964286598	0.0157115047863829	0.009306806943795523	0.005390590904032468	0.0030680918861831397	0.0017229281460834698	0.0009577340728577916	0.000528324850078699
0.16847877203802944	0.12676322462116552	0.09092558788192243	0.06219253989890617	0.04068209919049497	0.025574073914566026	0.015542019202057023	0.009187177091233446	0.0053123291931628834	0.0030195348516411733	0.0016939198997138103	0.0009408719577904614	0.0005187162052520723
0.16687147639824582	0.1257825595627594	0.09041085938333766	0.061977493443419206	0.040629896220884865	0.02559274795131567	0.015580826448566296	0.009223755031409432	0.005339884838972625	0.003038078712015564	0.0017055771985538528	0.0009478798706190096	0.0005228021362646416
0.16630670721329482	0.12527082901069198	0.08997918928144157	0.06163895604700995	0.04038224627817493	0.025422580268173355	0.015469996193722637	0.009154676330922559	0.005298309424906444	0.00301372766017716	0.001691608084815553	0.0009399913193891985	0.0005183994977285575
0.16734428599982518	0.126000813409997	0.09045687471003486	0.06193018311578451	0.040548776359479274	0.025512847472052985	0.01551697201616733	0.00917845575943775	0.0053101593370126765	0.003019599186776044	0.001694522710755836	0.0009414481168210034	0.0005191347101872604
0.16749267308598273	0.1262524211154191	0.09074605316351993	0.062203389898579785	0.04077449136618768	0.025681356377942274	0.015633272685198006	0.00925398962945406	0.005356981642424318	0.0030476142217302883	0.0017108442042863508	0.0009507694838732058	0.0005243799529881594
0.16805653552363828	0.12667061619747094	0.09103781830857009	0.062395305075140337	0.040894265227779975	0.025752926640486687	0.01567463001309226	0.009277316434803725	0.005369922673721394	0.003054716440403268	0.001714715682878759	0.0009528711721662414	0.0005255180879349316
0.16804655841527738	0.1266545327226272	0.09101961638376312	0.06237822777420645	0.04088020833998145	0.025742454655471765	0.015667411886521817	0.009272632355594555	0.0053670206710194285	0.0030529807382753157	0.0017137047263134793	0.0009522939089768949	0.000525193296837462
0.16592299728487359	0.12517494591601644	0.0900640063576829	0.06180577988035955	0.040560392505042224	0.025574234560835605	0.015583118155707083	0.009231883547026915	0.005347784208294723	0.003044014180879878	0.0017095384016216895	0.0009503490826299724	0.0005242759009896748
