r0	r1	r2	r3	r4	r5	r6	r7	r8	r9	r10	r11	r12
0.393537670903867	0.3237304158923776	0.2536324246563098	0.1883075596880307	0.13229802715598118	0.08818421582945878	0.056094974416962186	0.03431284628678844	0.020342436492261688	0.011771961143153918	0.0066889708331496585	0.0037493509146722284	0.0020805661913989547
0.3890875539276005	0.32024150616501423	0.2511467188121214	0.18672679616805346	0.1314159295005479	0.08776179098094038	0.05592999264436388	0.034269742166129706	0.020346303600304944	0.011788180915661575	0.006704505559737582	0.003760811600858988	0.0020880943530410413
0.39336953552813775	0.32375425549218134	0.25381293617911904	0.1885819083710162	0.13259621229673552	0.08845208346589721	0.05630550356518776	0.03446271190111397	0.02044152923558172	0.011833999711224102	0.006726284088236395	0.0037711450685784242	0.0020930269545389223
0.39048666071731375	0.3212650139143444	0.251799118887322	0.1870667834261683	0.13153742018249048	0.08776100925760776	0.05587964802190044	0.03421170920777532	0.020298239767575398	0.011753947020784082	0.006682176360275512	0.0037470497339413375	0.0020799314711089515
0.38939534589562597	0.32044949197449635	0.2512599723894795	0.1867647141100744	0.13140599369232342	0.08773014705962964	0.05589481071700482	0.03424007857883821	0.020324665208585144	0.011773765624071758	0.006695469953905712	0.003755382446778131	0.00208492809789327
0.39198524981488436	0.322700690881495	0.2530959498411094	0.1881590367666882	0.1323905249236645	0.08837979740517947	0.05629952233884101	0.03448109882814986	0.0204635535302766	0.011851996659681514	0.006738871525400011	0.0037792256005880396	0.0020979446922182953
0.38947146051884235	0.3203979090396789	0.25110645745877824	0.1865530923179646	0.13118408038585352	0.08753422310813548	0.05574226742752221	0.03413207694317833	0.02025348435079656	0.011729290657447699	0.006668754213411119	0.0037397909909495496	0.0020760185946783936
0.3913479972036932	0.3218728046795902	0.2521613941118462	0.18722824189420864	0.13156488641643246	0.0877201885983127	0.055817999047387136	0.03415466139749267	0.020254785421497497	0.011724296198267785	0.006663318021571851	0.0037356113794835737	0.002073218491030847
0.3930769639371731	0.3229440777574319	0.25262694737884556	0.18723500982961044	0.13130662018101336	0.0873713324739131	0.05549145309457652	0.033899075740654754	0.020075784673042135	0.011607988662862492	0.00659159593929891	0.0036929914133427438	0.002048553783331011
0.3904889843924483	0.3211935618492256	0.25167133436400746	0.1869105257630969	0.13138199171095588	0.08762771100970082	0.05577770314642772	0.034140374522616555	0.020251600922515947	0.011724969560647223	0.006664839207245397	0.0037369606358405045	0.0020741781388082907
0.39330674740892785	0.3235864345132347	0.25356880799549597	0.1883051144679223	0.13233120512057536	0.08822985577795854	0.05613797680500779	0.034346623207661235	0.02036614463330726	0.011787388447525301	0.006698493876365649	0.003755013898868744	0.0020838450906192772
0.3916784709860934	0.3223009658703978	0.25264386705051073	0.18770813892793747	0.13199011654146348	0.08805961398985825	0.05606561049930994	0.03432243066140226	0.020362033656414206	0.0117898770172956	0.0067021091852141395	0.0037580000037955833	0.0020859095642002815
0.3911249834051854	0.3217685796807215	0.2521612118431813	0.18730033798648088	0.13167076637582903	0.08782748711115061	0.055907839370424726	0.03422107381375129	0.020299772669192497	0.011752920966760965	0.006680727682458628	0.0037458601575311896	0.0020791109953029047
0.3900951418921931	0.3211869718555053	0.2519839923820599	0.18741933115081172	0.13194830709526817	0.08814278543681424	0.056185673351101986	0.034432338873248175	0.020445389728665542	0.011846633625599139	0.006738165222867307	0.003779854516850219	0.002098730175139229
0.39058959570081936	0.3214890456491498	0.2521092717028597	0.18741103835073789	0.13186341668358473	0.0880327214269684	0.056083770177986256	0.034352875761275777	0.020389803978623555	0.011810524518183076	0.0067158952784828535	0.0037666176703146123	0.002091067931477297
0.3941197300555197	0.3240693297286554	0.2537505635692859	0.18826254291782302	0.13216387418522596	0.08802616617118886	0.05595392125689605	0.03420499841690152	0.02026791001406038	0.011723940003272568	0.006659520585938498	0.0037319158562272095	0.0020705025717016154
0.3908982709714186	0.32166698072565714	0.25216875407161465	0.18738313350992924	0.13178795463266854	0.08794485714951004	0.0560055875476137	0.03429312683555487	0.02034850054287961	0.011783894501234819	0.006699553640972298	0.0037569379100945207	0.0020854782461702383
0.39054373096254025	0.32125734563546854	0.25173866780074244	0.18697470002545008	0.1314372309400769	0.08767092507308717	0.05580878378874053	0.03416122159688949	0.020264831435244372	0.011733017670982976	0.006669581688705901	0.00373969027266799	0.0020757223421384156
0.3936389834581413	0.32380106472909553	0.25367351715848785	0.18832467580118906	0.13229939041856784	0.08817782298732986	0.05608651986266887	0.03430530579602235	0.020336789951388955	0.011768145186953252	0.006686558376007678	0.0037478934625373153	0.0020797131597022032
0.39299289450372404	0.32339130711838143	0.25348335179127923	0.18830306162408886	0.1323776215900177	0.08829308122682103	0.056197383021780595	0.03439323250207778	0.020398842996584274	0.01180866046102145	0.006711623072205084	0.003762820790745443	0.002088365158340138
0.3889026484096672	0.32008348460317093	0.25102036862098237	0.18663297130578382	0.13135129327239248	0.08772023717801972	0.05590478040515756	0.03425510683953367	0.020338067946917462	0.011783639130058157	0.0067020311220813665	0.003759472553415328	0.0020873721707844566
0.3940217108057026	0.3238929066766294	0.25352056923368976	0.18801482632671165	0.13193363146223527	0.08783674521921163	0.05581298465748429	0.03410823803211745	0.02020549545116803	0.011685535225876485	0.006636704093412429	0.003718705948099468	0.0020629977007046523
0.39139325204471354	0.32214975891896447	0.2526122211088869	0.187762332733502	0.13208804615729122	0.08816494469062586	0.05615628315136719	0.03439051347970564	0.020408602043375194	0.011819697406060018	0.006720324926174625	0.0037687557710287876	0.0020921067929698333
0.39427538227703324	0.32439500542804856	0.25419619631947443	0.18875400633064868	0.13262705267134778	0.08841066069588743	0.056241761860931175	0.03440347253422124	0.020396331035548783	0.011803136368056933	0.006706647839709063	0.003759232957607231	0.0020860354171261357
0.39268146574571394	0.32299400670689765	0.2530395884726512	0.18786414479267854	0.1319902110680035	0.08798471885571668	0.05597291179902613	0.034241389700127925	0.02030189688578994	0.011749435492339139	0.00667661653979706	0.0037426273887027767	0.0020769230667198072
0.3906327723624882	0.3215390546124888	0.2521618859321728	0.18746109689067428	0.131906475754911	0.08806640435457613	0.05610800150151021	0.034369134398770006	0.020400126126512173	0.01181680543593383	0.006719597358091081	0.0037687489080343436	0.002092273794427312
0.3932315525544536	0.32314280981843846	0.25284960494843745	0.18745535711358846	0.1315009381538879	0.08752575540412501	0.0556036623237755	0.033974849513009886	0.020124092094706447	0.011637464526670109	0.006609002044928017	0.0037030248228159804	0.0020542358697882646
0.39357232858492447	0.32337211660022674	0.25297331965459097	0.18749557386326474	0.13148865582805733	0.08749012837029489	0.05556466818272185	0.033942250349209946	0.020100450505826945	0.011621781538742524	0.006599202775944178	0.0036971505901833624	0.002050815997517661
0.3901344609575122	0.32116376816668146	0.25191064656542994	0.18731711235052126	0.13184056637808025	0.08804735780657466	0.05611120873378708	0.03437953189362345	0.020410544742048765	0.011824842934833801	0.006725067393960772	0.0037722069916140077	0.002094358626158267
0.393086796255236	0.3235589378132914	0.25370155689634544	0.18853825717091455	0.13259662265900626	0.0884736590467249	0.05633204657090553	0.03448587760028778	0.02045870766694511	0.011845548258613241	0.006733562501433804	0.003775533640307671	0.0020955922446735135
0.39089481053927216	0.3215990808368338	0.2520519386054899	0.1872420420458611	0.13164841244451733	0.08782555447878787	0.05591451462552707	0.03422947394420174	0.020306916122770524	0.011758071016950018	0.006684109180870713	0.003747952581918944	0.0020803553016477965
0.39106977484470873	0.3214305272917515	0.251611444956717	0.1866498143761654	0.13103438726796826	0.08728717102768405	0.055497346540696775	0.03393515776555846	0.020113452906159995	0.011637431658374421	0.006611749594103084	0.003705769770655873	0.0020562703283742954
0.39007084783767254	0.32073695156559356	0.251210939349512	0.18648601924501426	0.13102529774725827	0.08735355575233793	0.055583068268142515	0.034011065937145535	0.02017011022438916	0.011675654194930942	0.0066358894170405955	0.003720344375136681	0.00206479727236439
0.3914649874284387	0.3216486477059135	0.25167093671722146	0.18659453243301424	0.1309192322079803	0.08715958364765636	0.05538628958710972	0.033851353146014465	0.020055991091162812	0.011600589188987069	0.006589229075239954	0.003692467069155396	0.002048603887751934
0.3892031557184664	0.3202306299379742	0.25103240559046597	0.1865500060254319	0.13122241255045264	0.08758715840363496	0.055792262527466795	0.03417142289074214	0.020281146331788236	0.01174731470542849	0.006679891949111285	0.003746419624515902	0.0020798590331787352
0.39081008538153206	0.3216920174564827	0.2522855354941556	0.18755406261072144	0.1319714014246049	0.08810875546873624	0.05613408228246857	0.03438449594988397	0.02040888928235128	0.011821697817325401	0.006722291259503961	0.0037702197212441772	0.002093072786823438
0.3915885922178897	0.3223034365387711	0.2527222581551907	0.18783283107770346	0.13212784632096325	0.0881843918400344	0.05616420085561365	0.034392868265790855	0.02040872918499226	0.011819167047782212	0.006719750339528767	0.0037683145473201888	0.002091811348405707
0.3928865006981519	0.32317723347895927	0.2531936803787454	0.18798508699385116	0.1320785649978123	0.08804502502354099	0.05601171180286066	0.03426518871060973	0.020315972210024135	0.011757540729679073	0.006681195856277903	0.003745180165956046	0.002078332830303279
0.3903826190562564	0.3213108756349689	0.2519656076268085	0.1873033334268046	0.1317884330778528	0.08798397085023231	0.056053848306527494	0.03433530833919852	0.02037981213874378	0.011804960816768097	0.0067128385966871	0.003764951883985461	0.0020901643770299036
0.39533219099532024	0.3250046121129453	0.25440043256703865	0.1886597252650587	0.13237108701533273	0.08811321285040262	0.055977776494831225	0.03420224307907337	0.020257537470549418	0.011713817803743566	0.006651918989353858	0.0037268527476773325	0.0020673537517530705
0.3921719243231018	0.3223475146524738	0.252320182738517	0.18715465530178368	0.1313654729295166	0.0874884405119199	0.05561223378808619	0.03399772517313217	0.020146481720729595	0.011654563727646436	0.006620572025461048	0.0037103120211088563	0.002058618109411002
0.392146953728896	0.32248262780135317	0.2525784925787729	0.1874766267930898	0.1316882595198277	0.08776622653067954	0.05582498563425773	0.034146665282186836	0.020243861922099708	0.01171505856693123	0.006656758727374708	0.0037313662421972595	0.002070622316099748
0.3910090653442883	0.3217842592889707	0.2522842609913499	0.18748779054168288	0.131874766831998	0.08801095357437613	0.05605218904139303	0.03432393085709087	0.020367841298541856	0.011795566885918967	0.006706391929420862	0.0037608570433535216	0.0020876884078813
0.3922443745144427	0.3228324616169996	0.25311474943064716	0.1880975924031035	0.1322893478547832	0.08827358096269192	0.05620906306563336	0.0344135703589204	0.02041752637367115	0.011822589520831447	0.006720935513892359	0.0037686461138730426	0.002091853529030959
0.39074221193777525	0.3211965321955133	0.2514685689523972	0.18658206002119776	0.13101746307310744	0.0872969834672063	0.05551630606015095	0.033953640088104954	0.02012783679064305	0.011647356388576642	0.006618103077259198	0.003709639183828266	0.0020585473244613592
0.3893970171445502	0.3205532162228211	0.2514414803308417	0.18698532855298103	0.13162500557231807	0.08791790894444763	0.056038457147350215	0.03434065277876416	0.02039046218940879	0.011814669514849703	0.00671995424564231	0.003769636094964396	0.002093058656227327
0.39064180684485283	0.3211975545816355	0.25155279162628746	0.18671687340421517	0.13116645034829155	0.08743185060489636	0.05562274654745517	0.03402960160406125	0.020178146351513215	0.011678889237761168	0.006637083853060995	0.003720732031568383	0.0020648923233303864
0.3937094139739374	0.32355717292559066	0.25318629608801874	0.18770982412588516	0.131679616612932	0.08764297248716081	0.05567627827724645	0.0340178794805096	0.020148783320447165	0.011651324229527108	0.006616670165558998	0.0037072284250772073	0.0020565269849796
0.39255065965370395	0.3229655761505328	0.25309713876640455	0.18797660947779848	0.13212192772957312	0.08810722412834936	0.05607107581925649	0.0343121039366193	0.020349017657385976	0.011779091306148896	0.006694518121435624	0.0037531103344659424	0.0020829276659309836
0.392569355234499	0.3229037260077065	0.2529727800698412	0.18781923545360082	0.1319629412404199	0.08796974683782025	0.05596543829931406	0.03423797725030019	0.020300469526960928	0.011748894637461066	0.006676438757847814	0.0037425843998140384	0.002076923330735206
0.3910483424826405	0.3219382336976389	0.25252343384919074	0.1877664193926212	0.13214554682940252	0.0882402048855121	0.05622616410871334	0.03444507080450093	0.020446786548495337	0.01184450886856018	0.006735629028586277	0.0037778527641612178	0.0020973727828652007
0.39473862617356736	0.32434749653692957	0.2537317432813713	0.18803967154677534	0.13184854485388905	0.08771114956164461	0.055692345819013146	0.03401272883200819	0.0201382023910073	0.011641659269271853	0.006609590089043113	0.003702571840210333	0.0020536522648559436
0.38884730698862296	0.3198833950044394	0.25071329213902266	0.18627699367526437	0.13100622618812321	0.08742850441247457	0.055683559562370186	0.03410113008625258	0.020237741453143377	0.011721445858360541	0.006664878155226149	0.0037378748659741105	0.0020750651939918886
0.3958086792855955	0.32539015663460735	0.25468743730982224	0.18885418007837848	0.13249048522590381	0.08817984830744711	0.0560118686613127	0.034218409665731045	0.02026471518691833	0.011716820865595652	0.006653103217648212	0.003727288348629017	0.0020674984105537755
0.39340470115436316	0.32370269581916045	0.25369305555705524	0.18842451518972078	0.1324345525357429	0.08831100139097252	0.05619647725622283	0.03438592138880155	0.020391109104323624	0.011802583642670153	0.00670745143464203	0.0037601709442499497	0.002086763021489809
0.3940542301548959	0.3237560633756225	0.25325318285572196	0.18767975346758475	0.13159719817023793	0.08754720454715516	0.05559136094187963	0.033953211121112555	0.020104216722736896	0.011622663086153853	0.0065991173794780695	0.003696847356614804	0.0020505393767964748
0.39534245112543437	0.32472242202676105	0.2538956929756323	0.1880439119968331	0.13176065643337734	0.08759179656726723	0.055580617124478766	0.03392536712638016	0.020077091413280304	0.011601995784398045	0.006585154026224568	0.003688061833860805	0.0020452600094060035
0.3906538664608538	0.32138462373614035	0.25187230612402023	0.18710160134380752	0.1315461868640647	0.08775601114954885	0.05586990333996255	0.034202180495125516	0.020290809195271785	0.011748812599647489	0.006678885972918766	0.0037450442348706	0.002078750626800478
0.3929515376694771	0.3231209588110734	0.2530410880951243	0.18777845807531876	0.131863737186583	0.08785643467479089	0.055865512091532586	0.03416203120055116	0.020248167033307243	0.011715263936714463	0.0066558415807366844	0.0037304014462940073	0.0020698955663604078
0.39206189038259026	0.3225487942854839	0.2527650007810294	0.18773107293982194	0.13195369528175802	0.08799972530220315	0.05600626273822371	0.03427471201507733	0.020328096098130202	0.011767611780158204	0.006688290886381013	0.0037497525012706386	0.0020811219269536007
0.3901706173789051	0.32089308199880034	0.25140385059229814	0.18668830661042923	0.1312105580904229	0.08750468658695686	0.05569496827486855	0.034087675176732064	0.020219446115119902	0.011705982728560707	0.006653897732105062	0.0037307670439591665	0.0020707174332576924
0.3910040120536295	0.32155139478989936	0.251878151484695	0.1869952092708164	0.13138672264846687	0.08759335465153803	0.05573328578557037	0.034101008154365155	0.02022219852991693	0.011705123765475441	0.0066523005417886095	0.003729388124334244	0.002069746848985268
0.38982839526390606	0.32085942374453813	0.25162609502998107	0.1870699478186103	0.13164229954939996	0.08790028979449874	0.056009572901044954	0.03431336254541707	0.02036947176542849	0.011800266115697462	0.006710760521381683	0.00376404621144328	0.002089772526564337
0.3932367668217706	0.32317775962978257	0.2529067965319818	0.1875231011161794	0.1315671651046823	0.08758190665868763	0.055646252140059846	0.034004466872627426	0.020143365391098463	0.011649397040499004	0.006616122321918459	0.0037071601668809398	0.0020565905943563468
0.3902682764808336	0.3210236502840208	0.25155352358663124	0.18683873998200787	0.1313447647775567	0.08761231339121094	0.05577374266769437	0.03414117722840824	0.020253708292427265	0.011726960925840208	0.0066663183576167505	0.003737940829752406	0.0020747860688595274
0.3918987815086676	0.3224127687078716	0.2526595481284021	0.1876556824491145	0.1319040459242943	0.08796940656988415	0.05598887505105037	0.03426519785610539	0.020323050314626685	0.01176498291557123	0.0066869315419648785	0.0037490500541398123	0.0020807576826099112
0.39167031903726257	0.32202811025379874	0.25216996495893673	0.18713429960463052	0.1314222198352326	0.08757415166321147	0.055695185358736694	0.03406367077220096	0.020193072383132685	0.01168500021095554	0.00663940724895058	0.0037215314014194217	0.002065121686198496
0.39226520603271386	0.3222923468093342	0.2521466523693472	0.18691388836301875	0.1311129547407819	0.08726591463001518	0.055439418779345696	0.03387568448198541	0.020066231935038967	0.011604517796156904	0.00659055554209036	0.0036928149181722427	0.0020486286631134277
0.393927260810432	0.32367972947579793	0.2532231008874324	0.18768419799732988	0.13162097719753596	0.08757684941403275	0.05561834100041962	0.033974027682964224	0.020118671055393608	0.01163200264468905	0.006604854867390157	0.003700247753002933	0.0020525035241168673
0.3948617883371243	0.32475257111189865	0.25434347155132986	0.18874284781039155	0.13252564779087547	0.08828019308203829	0.056121540427779185	0.034310071748636775	0.020331189528372744	0.011760919223319784	0.006680658455792393	0.0037438069979092935	0.0020771154674771777
0.39128216033671026	0.3218809238546798	0.25222983748902406	0.18733285407321412	0.1316787991510842	0.08782261902853172	0.05589855818678441	0.03421203858873318	0.02029274084502374	0.011748067564863532	0.006677619633641556	0.003743966720976842	0.0020779965145717185
0.39326336823176244	0.32353138403370374	0.25350750838662167	0.1882446057689701	0.13227787238094108	0.08818744959752305	0.056107132022725575	0.034325771173354724	0.02035283764603759	0.011779262051814388	0.0066936918557088014	0.0037522444355043475	0.002082276082391523
0.3924048030507339	0.3230287554279698	0.25332870671616736	0.18830603726628595	0.13247157260856482	0.08841772871437106	0.05631357194585329	0.03448407639581478	0.020462461031503527	0.011850006566923307	0.006737127198747591	0.003777980571291635	0.0020971403791107284
0.38926294555743596	0.3201348835924981	0.2508146115303331	0.18626557838176336	0.13093088070156542	0.08733291693997243	0.05559579085193763	0.034032996151652936	0.02019021403704842	0.011690628970962557	0.006645896443377169	0.003726602600278641	0.0020685443159843505
0.38891137692189764	0.3201801756658195	0.25118368808296937	0.186829180903448	0.13154502525526904	0.0878858476364368	0.056031272142525845	0.034343584141967184	0.02039591664554732	0.011819588426906133	0.006723544512988031	0.0037719946841099	0.002094514268748114
0.3916804274870644	0.3225766770661954	0.25312861289079236	0.18829825226100183	0.13257628047654468	0.088562174357323	0.056450012315387946	0.03459147993916614	0.020537984752494062	0.011899222509468359	0.0067675417968820735	0.0037960825773409083	0.0021076283755475786
0.39197644916812047	0.3222854353412064	0.2523714416785261	0.18728012818396908	0.1315197193280491	0.08763477366818734	0.055730681296232785	0.03408354346163996	0.02020386892860198	0.011690762752221799	0.006642456462520414	0.0037231405738116135	0.0020659715927850496
0.390398066122752	0.32114538523774594	0.2516612326928157	0.18692771387443932	0.13141305430754194	0.08766110256299597	0.05580643187401136	0.034161935966435464	0.020266343656657648	0.011734407706159723	0.0066706033932703215	0.0037403637263671995	0.0020761387313431028
0.392193062664369	0.32288377361482357	0.25324755910049246	0.1882761150839864	0.13247466113011772	0.08843631021279205	0.05633533766834075	0.03450276988714441	0.020476219225836784	0.011859217709066575	0.006742918119019722	0.003781466755837332	0.0020991760674045766
0.391554017405505	0.3221487110457947	0.25247798057130594	0.18754661720256557	0.1318489984406175	0.08794804797800372	0.05598476430868277	0.03426791057646278	0.02032729798231489	0.011768687880614609	0.006689597668901837	0.0037507880549988446	0.0020818252310665615
0.39212346867837355	0.3228067290107148	0.2531690327180296	0.1882030828277323	0.1324128710993733	0.08838855911614428	0.056301293512573146	0.03448007920853111	0.020461884913427084	0.011850527528951311	0.0067378099581533145	0.0037785319968624024	0.0020975180479834233
0.39075497063185094	0.3217626061176901	0.25245550922647264	0.18777921419985458	0.1322038009944284	0.08831231670748231	0.056291861314341926	0.03449589751608574	0.020482180178559736	0.011867436141143547	0.006749742966259991	0.003786231229970395	0.0021022184491580197
0.3892698205844111	0.32055614606767935	0.2515515051758376	0.18716092307558072	0.1318194110278683	0.08809441623029572	0.056178204525295296	0.03444067592420287	0.020456872700556395	0.011856377791746699	0.006745099503697048	0.003784349345371049	0.002101482158063811
0.39313357613654726	0.32345569836771004	0.2534809869320223	0.18825447442482454	0.13230768305717902	0.08822266695396618	0.05613861395903322	0.034349871182396303	0.02036950707145744	0.011790010672706798	0.006700287315683783	0.0037561506601960152	0.002084531468447314
0.38924249077307466	0.32026532323405976	0.2510611796004662	0.18657227102780252	0.13123845139415818	0.08759796019906418	0.055799127099263844	0.03417558753316026	0.0202835862549113	0.011748708689062326	0.006680674488676949	0.0037468536377376	0.002080097763002146
0.3935359423511897	0.3237228410143993	0.25362050108066825	0.18829361550361629	0.13228446605013935	0.08817274215607757	0.05608627802735589	0.03430679929603322	0.020338500852256216	0.011769523959298821	0.006687516217519815	0.00374850593860189	0.0020800849773242257
0.39411509412001033	0.32396143632296276	0.2535644638473622	0.18803795104914128	0.13194221322741678	0.08783715845949694	0.05581003459180109	0.034104689942793524	0.02020252298838709	0.011683408773958388	0.0066353144805538595	0.0037178487701667634	0.0020624890630994578
0.39104257985491453	0.32192195450142036	0.25249946737238954	0.18773908451904267	0.13211926778977873	0.08821809450407692	0.0562094494806773	0.034433461329019456	0.02043923344962727	0.011839831706508486	0.006732837212915571	0.0037762307856103712	0.0020964489352637027
0.3907115586526122	0.3214476287200943	0.2519358534303129	0.1871602239001607	0.1315954735733667	0.08779391545963734	0.055896827890315436	0.03422007644350088	0.020302091437510314	0.011755642169781694	0.006682896024872585	0.003747346246418875	0.0020800504030596967
0.39391506861585474	0.32418831379302243	0.2541286939438692	0.18878896065933243	0.13271739218286985	0.08851497005737638	0.0563341808833855	0.03447389686185433	0.02044490975834608	0.011834406039716456	0.006725812859310686	0.003770574480522006	0.002092580096589047
0.3898270510720959	0.32069195141189566	0.2513320411240328	0.18671230518543555	0.13128729215244914	0.0875960595131689	0.055776938977496436	0.03415056372135751	0.020263012824632994	0.01173410775684602	0.006671170700145729	0.0037410039085039155	0.0020766309644481896
0.3933416713903266	0.3237249382326783	0.2537842040089854	0.1885559818371594	0.13257478101336873	0.08843581433290812	0.056294061377123956	0.03445516396767363	0.02043679797001057	0.011831148053163567	0.006724615127326386	0.003770189299693157	0.002092488272246932
0.39025638328482964	0.32108449223077623	0.2516704920134762	0.18698495260364542	0.13149171882077373	0.08773908771022433	0.05587105589428641	0.034209437525558106	0.020298412071219542	0.01175476887001411	0.006682969774801402	0.003747636729452629	0.002080317596052042
0.3922758916972866	0.3227591011102035	0.25295946094672794	0.1878982653476315	0.1320865860179717	0.08809751421341809	0.05607338805964088	0.034318172634849174	0.0203549545756074	0.01178362790434748	0.006697589754118056	0.003755046059780917	0.00208409226660794
0.39122870106430485	0.32191771865543223	0.2523386666671723	0.1874826698999724	0.13183574132400588	0.08796104425913501	0.05600623056656902	0.03428820422477596	0.02034290116063266	0.011779388730060405	0.006696424469521726	0.0037549369886023163	0.0020842634066925454
0.39098691745353187	0.3218800210901592	0.2524713858062407	0.18772298552155045	0.13211189458990394	0.08821596030522026	0.056209803984098076	0.03443462065437484	0.02044039602449534	0.011840728797148052	0.006733447798926217	0.0037766168053211505	0.0020966816651078724
0.3906270521639639	0.3214854478312792	0.2520720743058454	0.18735354200288187	0.13180049504526872	0.08797595402994689	0.056039011369653696	0.03432093402528616	0.02036864183518537	0.011797255076626672	0.006707904799458453	0.003761946295440364	0.002088395249654771
0.38919107959416954	0.3200389680962737	0.25070478072747765	0.1861552685966062	0.1308325151081832	0.08725405452665669	0.055538077907490144	0.033993800759770175	0.020165113793043532	0.011675260151128325	0.0066367966962820775	0.0037213466874984865	0.002065563322305313
0.38810733621458976	0.3191545601077689	0.2500378407120621	0.18569490642000056	0.13054247522590492	0.0870864650838242	0.05544826961407489	0.03394849989692103	0.020143263651819815	0.011665032381992589	0.00663209013431065	0.00371919424875248	0.0020645764240827535
0.3924080788342159	0.3228351185116552	0.2529846101283435	0.18788595347589832	0.13205397357040585	0.08805970401979067	0.05603982615670901	0.03429256900451729	0.020337279029103573	0.011772243560844104	0.006690609229565564	0.003750913715691101	0.0020817070743113972
0.39006064570233234	0.321056591260886	0.25178245278650063	0.18718491282779845	0.13172059744018008	0.08794999087589465	0.056039325063765445	0.03433039990900119	0.02037893431388571	0.011805421954383511	0.006713539756379376	0.0037655366362917527	0.0020905703678969303
0.39526087086678824	0.32487677583650265	0.2542340545499848	0.18848073494307468	0.1322048978699209	0.08797662708391576	0.05587624704935338	0.034132595879156194	0.020212643648147607	0.01168620960448647	0.006635524181477301	0.0037173640553963957	0.002061964419424227
0.3934103220939511	0.3236600585605779	0.2536132793406243	0.18832560056954098	0.1323355514673017	0.0882258357823217	0.056131245005833975	0.03434024404650029	0.0203612369489643	0.01178402242514898	0.006696346649492424	0.0037537091114007216	0.002083078415002203
0.3942899092082084	0.32429032087004933	0.2539997810160818	0.1885103643917376	0.13238324923116962	0.08820102952681468	0.05608128734205202	0.0342911669889972	0.020322921757034346	0.011757542047873363	0.006679378776519821	0.0037433692986642533	0.002076991580335603
0.39043670030821864	0.32157830446302677	0.25239285148300666	0.1878066230619258	0.1322805547551173	0.08840228127003188	0.056372191795430175	0.0345574305568243	0.020524788004934427	0.011894940862516776	0.0067666366538173955	0.003796244673877964	0.002108003669022394
0.3900994751135113	0.32094792432773495	0.25155894569673315	0.1869000952860943	0.13143168780250242	0.08769939501023316	0.055846276430356105	0.034194649806564295	0.02028987404421658	0.011749951334239984	0.006680293087297125	0.0037461644471870645	0.0020795130413017704
0.39394363959530504	0.32389153935770515	0.2535823030573611	0.1881150715608478	0.13204485086978124	0.08793753674529285	0.05589253211891642	0.03416498132046273	0.020243054045508548	0.01170906201790024	0.0066508582943492316	0.003726974435243774	0.002067725562358104
0.3931030704825757	0.3234937458814609	0.25357318171813353	0.1883766161557122	0.13243360750348052	0.08833277722488522	0.05622380293672881	0.03440991554627906	0.020408950601132216	0.011814595416855995	0.006715028253298599	0.003764741874901057	0.0020894358360282004
0.3935700858502651	0.3236649511146515	0.2534904409494703	0.18812437609155183	0.13211144621571805	0.08802221589044383	0.05597022050539031	0.03422519900491221	0.020284993649537248	0.011736217715448478	0.006667565424230439	0.003736886726230251	0.0020734555676278307
0.3903951023967486	0.32131728709652113	0.25196662974332906	0.18730051844328083	0.13178370380788854	0.08797897707869637	0.05604958298977485	0.03433211848462199	0.020377635229289672	0.011803568716450606	0.0067119889632541105	0.0037644504850383744	0.0020898755904973686
0.3914687006488995	0.32213294030630124	0.25252041968316197	0.1876259921747	0.13194096565315705	0.08803322042285835	0.05605288246391491	0.03431693702923041	0.02035995382663244	0.01178923661698904	0.006702001089894436	0.0037580512854148824	0.002085985636654474
0.39071660616846265	0.3215623837338112	0.2521339594254847	0.18739980537782372	0.1318326008355731	0.08799675664934531	0.05605173535517678	0.03432837937210742	0.020372863393755384	0.011799599267224944	0.006709189655067221	0.0037626451297274196	0.0020887737133853386
0.3919012191418048	0.3226099794376489	0.25300521979740465	0.18807583501235822	0.13232086666121995	0.08832638486320171	0.05626166193468284	0.03445597254905807	0.020447730742472376	0.01184242644536684	0.0067332557297494116	0.0037760032700015793	0.0020961258986293254
0.39180993118797885	0.32224830292848855	0.25244291219237025	0.18742094181757343	0.13168488940521622	0.08778844620128914	0.055853819945318246	0.03417223984665169	0.020262965517573464	0.011727951981926452	0.00666490381495154	0.0037362847016513224	0.002073500186282703
0.3916544700471633	0.32181711452972755	0.25181179891980304	0.18670440643704933	0.13099899656638422	0.08721370027601487	0.055420917980938234	0.033872493417368324	0.020068444934333924	0.011607737956162921	0.006593257883797547	0.00369470859546845	0.0020498399223232103
0.39198524981488436	0.322700690881495	0.2530959498411094	0.1881590367666882	0.1323905249236645	0.08837979740517947	0.05629952233884101	0.03448109882814986	0.0204635535302766	0.011851996659681514	0.006738871525400011	0.0037792256005880396	0.0020979446922182953
0.3930443921108897	0.32347588338234584	0.2535900389405631	0.18841622466489225	0.13248200076096622	0.08837862918901603	0.056260921733605335	0.03443682359097335	0.020426955017140695	0.011825958451739806	0.006721900888249028	0.003768771957727598	0.00209174652916981
0.386521473994357	0.31835286836727594	0.24992965311444743	0.1860783805120248	0.13116904007057878	0.08774342315843325	0.05600792911810616	0.034366626841696855	0.02042852386797036	0.011847448903532046	0.006743434677326763	0.0037849114440161643	0.002102431956156968
0.3922538806965173	0.32250824471955924	0.2525357282572233	0.18739003200150034	0.1315860222574257	0.08767085044268717	0.05574845872517845	0.03409150363800823	0.02020709380376809	0.011691914916402684	0.006642787165263725	0.003723184362238052	0.0020659356678889196
0.39277003307936886	0.3229025611040281	0.2528057762159457	0.18755122272748878	0.1316664949781043	0.08770131753861245	0.05575358517673755	0.03408680771897989	0.020200368412264205	0.011686165998555728	0.006638686898240787	0.0037205246270744694	0.002064306924440443
0.3938046833347925	0.32387776959578524	0.2536723038857951	0.18826946827972835	0.13221915681237406	0.08809685189015908	0.05601889951175021	0.03425541426468696	0.02030304332329942	0.011746696983701928	0.006673524861434283	0.003740225922325515	0.0020753069288504482
0.39143092758035625	0.32238890949460647	0.25300311979091106	0.18822660878027067	0.13254380843402416	0.0885531572499837	0.05645205981519907	0.0345970207172794	0.020543433570235786	0.011903397558148626	0.0067703736798313315	0.003797869434565041	0.0021087043692141687
0.3905032781010144	0.32136293790682435	0.25195802454162947	0.1872548654026816	0.13172161550242695	0.08791761925621773	0.05599879852441766	0.03429480710637375	0.020352450411531376	0.011787578783471692	0.006702277359476549	0.003758738679358525	0.002086593652946496
0.3903140431831738	0.3212246784693134	0.25187011185267094	0.1872092997517331	0.13170561529805627	0.0879181044490489	0.056005902266472604	0.034302863837272574	0.02035908730107194	0.011792293604072086	0.00670534800059134	0.0037606293831452535	0.00208771442824426
0.39281333446155964	0.3229768372646335	0.2529009399243526	0.18765285334936063	0.1317605179575419	0.08777846420663575	0.0558108963356207	0.03412611923033358	0.02022571255284303	0.0117017557983311	0.00664794714023906	0.0037258853478471174	0.0020673522610618745
0.39258034813102005	0.32277214727298587	0.25273205292892753	0.1875229967564498	0.1316676393588596	0.08771637501203934	0.05577172112036964	0.03410250745929925	0.020211957685031933	0.011693934531356216	0.006643573341069102	0.003723466888010249	0.0020660251069094717
0.39299243698193986	0.32332565019096937	0.2533680009025364	0.18816280363991902	0.13223850930148806	0.08817400250546019	0.05610644428071045	0.034329672711127614	0.020357326146274363	0.011782884566986103	0.0066962104133267315	0.0037538556705577616	0.0020832545376059585
0.3945536088888279	0.32475902516436383	0.25460873037022774	0.18916576820608946	0.13299267353532374	0.08870284718159133	0.05645503477772622	0.034548006328704195	0.020488727056764636	0.011859630785308216	0.006740060632621103	0.0037785152182122327	0.0020969645278962772
0.38885856845336	0.32010826870127546	0.2511003738296768	0.18674480944170677	0.1314693061605171	0.08782482688277012	0.055986428808801454	0.034313027371345485	0.02037629746323121	0.011807551642609783	0.006716406866670338	0.0037678673942833484	0.0020921714253340916
0.3926953391497694	0.32283974759890016	0.25275657736751256	0.18751560187847208	0.13164267255130419	0.08768650084379342	0.055744906106883575	0.034081946236900876	0.020197725688358776	0.011684754577195568	0.006637939577723371	0.0037201300050162156	0.0020640983883849304
0.3912685702993999	0.3218934611049396	0.25226310659179363	0.18737774936629006	0.1317254439619767	0.08786357884100283	0.0559303325084451	0.0342344756302634	0.020307499453417113	0.011757275432399858	0.006683144637603554	0.0037471884971605747	0.002079836426238126
0.39522688446594384	0.3248191496099389	0.25416057769101097	0.18840251330342708	0.1321327233722085	0.08791754938267574	0.055832453694492995	0.03410261274215993	0.020193343549064807	0.011674352483724705	0.0066284880299493296	0.0037132939239378424	0.0020596535686566316
0.39323702218680007	0.32331680892371567	0.2531512610215563	0.1878199525592172	0.13186100720182128	0.08783289002242294	0.05583753119259122	0.03413791746749507	0.02023040528255984	0.011703372556560423	0.0066483675982629995	0.003725903432845859	0.0020672697810131596
0.39308915718833026	0.3234078403104562	0.25343321572573185	0.18821076160592726	0.13227116765544866	0.08819472895599201	0.05611885042499323	0.03433677778922123	0.020361273594718343	0.011785036456199773	0.00669737104480207	0.003754478447371527	0.0020835880981124326
0.3893456924754595	0.32026372073107534	0.2509734922871703	0.1864320604348238	0.13108333295295224	0.08745731097841139	0.05568792840525255	0.034096101199471554	0.02023086879226251	0.011715629087988708	0.006660744846437163	0.003735198218613758	0.002073427491014858
0.38950633918415845	0.3206286565212538	0.2514844568311356	0.18700212846875183	0.13162476667306017	0.08790947337603316	0.05602809377357565	0.034331602305118766	0.020383744298934293	0.011810148977571077	0.006717102863790419	0.003767915688549491	0.0020920524858666894
0.3923703987902336	0.3226749680274834	0.25273349875050394	0.18759271961132618	0.13176897980342933	0.08781863703401954	0.05585711563673078	0.0341655114610352	0.020254573995841952	0.011721020789505989	0.00666003355218605	0.0037331506828627943	0.0020715901780059324
0.39064523834246156	0.32143195073958714	0.25196280130930004	0.18721456058161004	0.13165965343403405	0.08785386908280793	0.055945008308797076	0.03425485758723034	0.020325305097613218	0.011770269625168257	0.006691733942749919	0.0037525252078510728	0.00208301843410615
0.39229045522841616	0.3226394244526449	0.2527366324598509	0.18762243163249354	0.13181073052622044	0.08786030610553741	0.055891733654109266	0.034190981438026964	0.020271773506842533	0.01173194111807988	0.006666665246115405	0.003737050402758321	0.0020738305464305983
0.39398203598413994	0.3240200623390672	0.2537770358858635	0.18833932747835871	0.13226110990459633	0.08811952057626947	0.05602995006237014	0.03426027738209843	0.020304954999441703	0.01174733949942888	0.006673679698646845	0.003740220889943065	0.0020752650972408744
0.39064069489480807	0.3209680748951417	0.25115004563290794	0.18622803223133869	0.13068249229881468	0.08701827685086455	0.055307344030939266	0.033809396964517256	0.020034427498885538	0.011589714099227627	0.0065837846313745625	0.0036897388783256094	0.0020472283768032187
0.39218905836922774	0.3226568661926529	0.25285077329834144	0.18779417672870014	0.13199669451379178	0.08802703540347998	0.05602262339860992	0.03428408989506783	0.020333310532941722	0.011770456455115026	0.006689826164457771	0.003750576753618229	0.002081563593080561
0.3928256749847818	0.32329296798347595	0.2534477463286847	0.18831407653918256	0.13241440458192796	0.08833712265791512	0.0562369709375796	0.03442363072772663	0.02041990950659127	0.011822262111224509	0.006719976776169894	0.00376777154986773	0.002091224966623615
0.39176625291310424	0.3222198917450974	0.2524287883488784	0.18741791938167573	0.13168861441392826	0.08779488999712497	0.05586028024524243	0.03417745884958426	0.020266686051752462	0.011730396119235056	0.006666421907006402	0.0037371912373432106	0.002074026600887307
0.39350150302705994	0.32341030885121924	0.2530985930073307	0.1876704802029813	0.13167249451245577	0.0876522611716614	0.05569060789130984	0.03403118316362645	0.020158920348156615	0.011658238168020777	0.006621064891385901	0.0037098924894390568	0.0020580897291266687
0.3906113043375227	0.3213442279867582	0.2518361476452874	0.18707140472680925	0.1315227808721107	0.08773914513801477	0.055858521475043166	0.03419491015731856	0.020286363215190527	0.011746182750032119	0.0066773684523224065	0.003744184348048984	0.0020782697938904623
0.3918774084598082	0.32236269714510085	0.2525889139368688	0.18757666807492085	0.1318289482854651	0.08790670842517073	0.05594174133966513	0.03423259536766248	0.020301904631825428	0.011751918850916546	0.00667914689540948	0.003744533093002982	0.0020781873187978596
0.3920218822942733	0.32245210723975376	0.2526275769395143	0.1875768491703848	0.13180687185148307	0.08787702882785595	0.05591397371933211	0.03421085393773899	0.020286669569868267	0.011742014487363523	0.006673036547920074	0.0037409007961663417	0.0020760846815859922
0.39266700981605374	0.3230835095676072	0.2532091912533195	0.18807520463116828	0.13220180768453071	0.08816691714460978	0.05611255201001284	0.034339212280368604	0.020365891843093082	0.011789208820148726	0.006700416491725896	0.003756478428862319	0.0020848219090738632
0.3904682543135365	0.3211955272811435	0.2516918410524377	0.18694219735292647	0.13141660994928947	0.08765890378307663	0.05580226847094008	0.03415788760796009	0.020263194165139383	0.011732234227462918	0.006669211601815486	0.0037395158527181592	0.002075639670104436
0.3927697545582742	0.32319082031373053	0.25331372805726354	0.1881690758580585	0.13227910444590965	0.08822541948991786	0.056153602592008224	0.034366244672850044	0.020382814588750357	0.011799398807984356	0.006706376055601513	0.003759889530112962	0.0020867437078026995
0.3937203694047795	0.3234252701260321	0.25294539496994023	0.18741399144469006	0.1313854248119751	0.08739117641826127	0.055484214255273015	0.0338838403144776	0.020061354975456774	0.011597110597653537	0.006584285351354083	0.0036884056547352956	0.0020458033018944783
0.39235938354385613	0.32265610978099024	0.25270934730894995	0.18756692322789073	0.13174510431409578	0.08779903622445634	0.055842546170661804	0.03415551255490666	0.020248124799656073	0.011717052279885853	0.00665767560397432	0.003731785372677165	0.0020708144376129904
0.3901218224047272	0.3209500578762788	0.2515443220102262	0.18687504333280805	0.13140337092325602	0.08767346106111668	0.05582565948871053	0.034179863693924374	0.02028004691542859	0.011743776415616485	0.006676569383442058	0.0037439853196055005	0.002078265388076879
0.39089048381700614	0.32186171684708603	0.2525186174836897	0.18781198802278565	0.132215352424617	0.0883120054529838	0.056286770031012234	0.0344901053635617	0.020477401879072855	0.011864038573797588	0.006747528842252188	0.0037848673146324546	0.002101409689245858
0.3931904173623028	0.3229931772309514	0.2526202641512758	0.1871903495571968	0.13124516529580216	0.08731055530073746	0.05544124898373597	0.03386228832883992	0.020051017048095865	0.011592298217826598	0.006582083233588103	0.003687404403315255	0.00204534698860825
0.38951609894717115	0.32047433711393286	0.2512043947699412	0.1866578222443729	0.13128117109859594	0.08761408286272152	0.055801743455934125	0.03417296849930512	0.020279900184974636	0.011745566540545314	0.006678434670907615	0.0037454006745313703	0.0020792078362645867
0.39499875767568093	0.3248131930863324	0.2543375623019158	0.1886912766901237	0.1324535021963727	0.08820834912471838	0.0560619534083145	0.034266291346692505	0.020301658785948626	0.011742186698028463	0.006669290785646907	0.0037371260573506007	0.0020732789398142026
0.39406183169205433	0.3240100625506374	0.2536938129628044	0.1882123196248101	0.13212302023717118	0.08799555515290967	0.05593261569558011	0.03419105845634983	0.02025922694149869	0.011718731521967604	0.006656483258522536	0.0037301811497030815	0.0020695268319720693
0.39272169009092595	0.3228298393403736	0.2527175017071146	0.18745961068763572	0.13158318595926916	0.08763371601761684	0.05570373905107405	0.0340527933214738	0.02017851925829816	0.01167276102639562	0.006630739341589331	0.0037159300502661147	0.002061699391592594
0.39302708810497533	0.32320887433202294	0.25313378111350743	0.18786667326341266	0.13193954260598934	0.08791563180977363	0.05590801375937072	0.03419049362447918	0.020266206092539214	0.011726224896273554	0.006662294819008912	0.0037341132101885942	0.002071994282224533
0.39026047906444855	0.3210821340532196	0.2516629671016237	0.186974463106313	0.13148067311810005	0.08772931678282182	0.0558634411953987	0.03420404376071319	0.020294856407040422	0.011752547016773553	0.0066816350773840445	0.0037468577862283295	0.002079872482444717
0.3897268299488925	0.32082083868385775	0.25164172377876953	0.18712204010399983	0.13170981161220202	0.08796585196092992	0.05606337781685354	0.034352706339846786	0.020395952846921073	0.011817048678758567	0.006720941406484859	0.0037700291965647864	0.0020932083653224685
0.39329145902913903	0.32338706150994817	0.25323019908403777	0.18789826706129195	0.13193022704167115	0.08788800981782281	0.05587765289970328	0.03416505012295272	0.020247722677481164	0.011713948492101497	0.006654617098866184	0.00372950764990306	0.0020693116743144744
0.39146293927570186	0.3222899321021816	0.2528020208579998	0.18797093558516872	0.13228455492771238	0.0883282310577844	0.05627871685933383	0.03447507970824323	0.020463406750515674	0.011853540774573328	0.006740486092921104	0.003780452138145557	0.0020987618825719385
0.39051309757309866	0.32129075114871486	0.251822717652239	0.1870869280952607	0.13155333822067847	0.08777266851439781	0.05588762278407856	0.03421685858584483	0.020301415636383473	0.011755837994849682	0.006683273025587283	0.003747673517152808	0.002080281277427674
0.38948976041809247	0.32055048503945033	0.2513602766389183	0.18685621050573378	0.13148230295201735	0.08778850218730523	0.055936098895290894	0.034267446318824245	0.0203418856679563	0.01178417569424209	0.00670157643596764	0.00375888550940319	0.002086905030949299
0.3918941986159441	0.3224365970180559	0.25270530961464577	0.18771286518532654	0.13196149824828127	0.08801894802507104	0.056026885255776836	0.03429184733438975	0.02034049548433736	0.011775830607433486	0.006693425155157545	0.003752830277531787	0.0020829138980276727
0.39231201566754886	0.3225662025223189	0.25258998833311747	0.18743716627518076	0.13162379636199942	0.08769882613785886	0.0557677570167268	0.0341040452860938	0.020214866435429652	0.011696559723499185	0.006645488214249044	0.0037247238174852163	0.0020668002582211148
0.3914649772822291	0.3223059560996061	0.25282861186920336	0.18800268608581006	0.13231580317799793	0.08835488581254353	0.0562990422479076	0.034489278218309	0.02047268039759993	0.011859298978834372	0.006743929781505154	0.003782455577457153	0.002099904125526518
0.39355859706414853	0.32378130231777164	0.2537048654124349	0.18838890353334803	0.13237547579448414	0.08824892655286741	0.056143632787556706	0.034346502466672285	0.020364262431597856	0.011785443054202059	0.006697003068160743	0.0037540108307399464	0.0020832175739949475
0.39071933205688486	0.3215366783105228	0.2520863972259126	0.1873409895625062	0.13177375664634453	0.08794610688043525	0.056012902180773545	0.03430115781252195	0.02035504279629169	0.011788516584800726	0.006702554334279699	0.003758781856507991	0.0020865698604167447
0.3919958431831544	0.3223866324133858	0.2525336722165376	0.187471076895671	0.13170599518657788	0.08779265075934599	0.05585047545277395	0.034166905464616225	0.020258154750902046	0.011724393813825316	0.006662535244397723	0.003734806973787737	0.002072616800521492
0.3909453590002114	0.32165469913578426	0.2521083493154231	0.1872942976787345	0.13169248198518402	0.0878595239793452	0.05593868481193814	0.03424555902450023	0.020317065925688372	0.011764219159265314	0.006687720881259266	0.003750026654283408	0.002081526683171491
0.39009244897142337	0.3209259923584922	0.251526083533754	0.186862375044727	0.1313953264332542	0.0876687663389562	0.055823111841723935	0.03417855816050527	0.020279404753911226	0.011743468582292345	0.006676423677620537	0.0037439165016327847	0.0020782326963988376
0.39032350743417743	0.32137442208733363	0.2521264105501301	0.187518562672814	0.132011552362946	0.08817984917266694	0.056205879579110656	0.034442746382660656	0.02045053782317807	0.011849116824281752	0.006739348562873888	0.0037804174621119007	0.002098999599030358
0.39223366478282956	0.32281871219636765	0.2530993295619268	0.18808229460763382	0.13227581181696849	0.08826278444936875	0.05620119014598589	0.034408237209222266	0.02041411751834317	0.011820505207494876	0.006719702699371214	0.0037679346096761808	0.00209145022033938
0.38947725814884215	0.32036123787824405	0.2510370997242467	0.18646681110349417	0.13109755175378146	0.08745966246100749	0.055685070165393355	0.0340919700631844	0.020227223382296843	0.011712956772178224	0.00665897402633638	0.0037340962885930875	0.0020727698080115382
0.3938611137157077	0.32400667640123876	0.25385295991730017	0.18847088685806276	0.13241014549136573	0.0882560026959736	0.056138347843139876	0.034337923592222555	0.020356497742138262	0.011779691950195832	0.006693172083660155	0.0037516198242883744	0.002081787920616889
0.3924278369302527	0.3230053840434015	0.253268493231271	0.18822517654266713	0.13238767449237357	0.08834407696346334	0.05625643221169368	0.0344437201783668	0.020435910406770848	0.01183343896983496	0.006727184865959815	0.0037721823827941807	0.002093828883501787
0.3903680664155685	0.32101670312140296	0.25145927700205195	0.18669177109000243	0.1311836246908533	0.0874669175144376	0.05565915753790336	0.03405945505475147	0.020199597502902764	0.011693048555623229	0.006645905530359993	0.0037260108569105773	0.0020679620681092535
0.3908727078146696	0.32151188203453207	0.25191650067041443	0.1870843996702033	0.13149538883500383	0.08769615782861782	0.05581642966550961	0.03416124407283851	0.02026248747689563	0.011730545022126414	0.006667673633315549	0.003738402002897876	0.0020749147582586826
0.39065900766491557	0.3217658851928786	0.2525404942966862	0.18791419213988161	0.13235302091626	0.08844770438503465	0.05639900550105793	0.03457255973120374	0.020533066568704274	0.011899387742665357	0.006769002711660354	0.003797499132217005	0.002108668757727975
0.3908005607859889	0.3215237552708371	0.25199676107310026	0.18720547241527738	0.13162665551723565	0.08781396841977085	0.05590899982566051	0.034227145909535336	0.020306072181803976	0.011757839003137554	0.006684093723324784	0.0037479947963435143	0.002080400376426347
0.3904180369092559	0.3213490850297244	0.2520038062706846	0.1873383520386345	0.13181774818544248	0.08800645022161678	0.05606978489292709	0.034345887003389725	0.020386475342360245	0.011808991812704778	0.006715204408505901	0.003766309582291713	0.002090930798608486
0.38982740287176104	0.32044055790793474	0.25088919789738434	0.1861736903254248	0.13075311089484187	0.08713881366012707	0.0554277112963068	0.03390643052298949	0.02010350830858294	0.011635054593948311	0.006611928787374138	0.003706537946638741	0.002056980375467952
0.3925918012559192	0.3225637152703531	0.25235599801165765	0.18706263991459987	0.13121021645946246	0.08732483728186292	0.055472926117996514	0.033893860410882395	0.02007578835974124	0.01160945520303602	0.006593088655656316	0.003694114655739849	0.002049298450383409
0.39262707447582557	0.32278718986580995	0.2527201468109886	0.18749341482448925	0.13163116853033402	0.08768173433690846	0.05574366493931799	0.034082173381723695	0.020198357634648032	0.011685354887731883	0.006638386110836231	0.003720426041387333	0.0020642820152682517
0.39255211447002997	0.3228760575958388	0.2529382246091092	0.18778279470626075	0.13192946102509373	0.08794238543229416	0.055945159911563035	0.03422408763263606	0.02029152290341755	0.011743394512917423	0.006673172957857761	0.003740694325166053	0.0020758498010230125
0.3940775996963788	0.324247614735315	0.2540993151584084	0.18870035661624768	0.13260435580960192	0.08840602262433696	0.05624521671737657	0.034409085619403444	0.02040141251785786	0.011806900470073331	0.006709155359703206	0.003760798009208738	0.002086971225892063
0.39025397958859426	0.32106704329918845	0.2516417246744158	0.18695071538871488	0.13145810129080743	0.0877104639252321	0.055849260175802475	0.034194228674369914	0.020288486790839198	0.011748609856863495	0.00667928805116563	0.0037454955158194377	0.0020790970958124363
0.3938143478306071	0.323866660150554	0.2536447892978057	0.1882328833193858	0.13218141523415705	0.08806386301552287	0.055993396217698645	0.03423745329860113	0.02029125349295995	0.011739353141980477	0.006669123744391273	0.003737661902477709	0.002073843676250782
0.39296242686263416	0.3233308469085059	0.25340186999411657	0.18821377111476137	0.13229371069300386	0.088223506308062	0.05614531431342653	0.03435732666110845	0.020375604777458946	0.011794325613869146	0.0067030906474420515	0.0037578739249014914	0.00208555181281905
0.39088362055390086	0.32127532398899944	0.25149115551099877	0.1865638233621725	0.1309777393665818	0.08725254815455322	0.055477459631353525	0.033924252098114484	0.020107653373664637	0.011634400889901699	0.006610177519456888	0.0037049549421459957	0.0020558466485240978
0.39264151073158066	0.3227781637999959	0.252692406481579	0.18745504378646044	0.13159095377018806	0.08764629724365539	0.0557161389047744	0.034062729846618775	0.020185569236234237	0.011677378138072785	0.006633601089358089	0.003717636445443761	0.0020626892385744743
0.39502766739015643	0.3246855311757519	0.2540890870909806	0.18838008165490402	0.13214101882996696	0.08793935334950115	0.055856001894714936	0.034122195863326196	0.020207506026363127	0.011683731336672007	0.006634341667232751	0.003716800209450371	0.0020616937526399316
0.3931252960142542	0.32343033642927627	0.25344310756225713	0.18821106518261643	0.13226589423616944	0.0881875138154964	0.05611206256828835	0.03433144938693868	0.020357534587095463	0.011782603728639878	0.006695869449517462	0.003753585532237745	0.0020830711018895746
0.39072723695100353	0.3211124472864966	0.2513329497432999	0.18642217103138073	0.1308614181255143	0.08716472488797666	0.05541596102096853	0.033883820648879286	0.02008237447901371	0.011619193674418868	0.006601289880436448	0.0036998704973354294	0.0020529831699121325
0.3925395471547898	0.3227065191906485	0.2526500597129034	0.18743656334149117	0.13158828617977286	0.08765158011057339	0.055723740205211654	0.034069667753877604	0.020190818071169906	0.011680944962286298	0.0066358635063649704	0.003719006137908154	0.00206349203169984
0.3928458788999722	0.32318294510257756	0.25323717230539955	0.18805118031235432	0.13215037766713783	0.08810951513175201	0.056062383233593825	0.03430125130463707	0.020339813244749424	0.011772464998480694	0.0066901713307895	0.003750422299635497	0.0020813298815978982
