r0	r1	r2	r3	r4	r5	r6	r7	r8	r9	r10	r11	r12
0.35763953362131173	0.28901253477016	0.22209278293665646	0.16167953711495378	0.11149794845780425	0.07311279367683723	0.04588159315736804	0.02776698593313195	0.01632830233460318	0.009391995631228308	0.005312985336443082	0.0029684411772628694	0.0016433523899298847
0.35810248354509805	0.28932109363136205	0.2222611806342842	0.16174144924478495	0.1114949197880646	0.07308092440195844	0.045844297882923817	0.02773534197377401	0.016305282644406015	0.009376728137087953	0.005303455358403988	0.002962734482821678	0.0016400330721740922
0.3561002396724026	0.2874179839096102	0.22056481951926082	0.16033679087597494	0.11041769982830836	0.07231294540215087	0.04533079718374283	0.02740968360464675	0.016107166135549543	0.009259957266479234	0.005236234266054066	0.002924703734123975	0.0016187886329696503
0.3543709148933081	0.2864877989806623	0.22031356123877005	0.16054850855576155	0.1108535400754381	0.07278465647690736	0.04573294004233543	0.02770814859927434	0.016309252977309018	0.009388332072441153	0.005314179123652544	0.0029705225035702733	0.0016451023726009233
0.3566324742358963	0.28796954625257004	0.22109338795066047	0.16080121278906692	0.11079122097778712	0.07258941797849622	0.045521121661688424	0.02753311315346954	0.016183540285653934	0.009305551744448607	0.005262733949749407	0.0029398034337779536	0.001627268310815993
0.3587282718543502	0.29035479890984256	0.22354029482521082	0.16306214505462807	0.11267915744529462	0.07402658912177502	0.04653141718519083	0.0281986058901824	0.016600113212554904	0.00955637527860496	0.005409435298896433	0.0030237837692183534	0.001674591252604725
0.35608930786305376	0.2873379990887968	0.22043729541895418	0.16019051204228707	0.1102791512844	0.07219873610340993	0.04524616261679478	0.027351888583103497	0.016070067632682702	0.009237218520693787	0.005222764272029763	0.002916921531396126	0.0016143740417607407
0.35763549943844136	0.2887351037923237	0.22162367860528573	0.1611299829318489	0.11097166260060405	0.07267600839685642	0.045556451849184096	0.02754426293359663	0.016185024232393503	0.009304040000360576	0.0052608242946608555	0.0029382814310584177	0.001626233890917846
0.35879068780413154	0.29000970980263924	0.22290312969297119	0.16229358519127537	0.11193181184299096	0.07340033789421183	0.04606214759245529	0.027875638167303464	0.01639163963098373	0.009428080683268787	0.005333214611158731	0.002979654726010026	0.001649519839275332
0.3600860065442435	0.2908874180796326	0.2233984894872473	0.16249501799602595	0.11195030881933349	0.07333358872272311	0.04597454645788083	0.027798625197656746	0.016334680099444766	0.009389954624738215	0.005309282932288351	0.0029652723347762247	0.0016411340526252581
0.35717745901807146	0.28863356373461757	0.22180375632116422	0.16147562029249865	0.11136461103498768	0.07303128108127553	0.045834378947638116	0.027740687094859037	0.016314022442583512	0.009384354598097305	0.005308924950160729	0.002966287881536679	0.0016422096071627241
0.3582760689794952	0.2895442556140459	0.22250736223954046	0.16197971144511358	0.11170008747371539	0.07324040685157572	0.04595804530223177	0.027811034212549282	0.016353006240636864	0.009405611978335145	0.005320411974860622	0.0029724676817504524	0.0016455285181056468
0.3605558830585202	0.2910514682582051	0.22331561851182183	0.16226022647819296	0.11166243269499669	0.0730652688975211	0.045761386480713435	0.027646660565014518	0.016234355553538724	0.009327285196857969	0.0052716686640131355	0.0029433396557040727	0.0016286104922373563
0.35695546422395147	0.28826904965592204	0.2213542934629426	0.16101286463933054	0.11095068826602159	0.0727014395385837	0.04559513035886816	0.027579603893359825	0.016211613929661337	0.00932200428992877	0.005272164120320371	0.0029451211927635484	0.0016302316115048912
0.3558374621243815	0.28746747218493673	0.22085121377233602	0.16074974996098182	0.11084874499302842	0.0726874267587723	0.04561730655548933	0.027609432551412284	0.01623719445651852	0.009340434150632902	0.005284235429497938	0.002952572241306609	0.0016346533357603683
0.35732446951368463	0.2888100164981725	0.22199092191999312	0.16165241252641419	0.11151446252657331	0.07314654351119208	0.0459159996069685	0.02779473206162455	0.016347979336471023	0.009404855890299046	0.005320939353430004	0.0029731755072239375	0.0016460948642695729
0.3574470699055962	0.2889642996494485	0.22215918793867778	0.16181420437531427	0.1116532500510596	0.07325418650939512	0.045992674661811915	0.027845716948337977	0.01638011130156532	0.009424298322604078	0.005332351580082261	0.0029797256019205953	0.0016497928942791832
0.35497083342717994	0.286541430950197	0.21994275292507864	0.1599370685534599	0.11018604222173431	0.07219168496598707	0.045273265264225517	0.027384940993734872	0.016097642597975505	0.009256834231203869	0.005235521230748282	0.002924761300473927	0.0016190131088833534
0.3587022765358825	0.28953483795238505	0.22216293638049972	0.16145057828318224	0.11113574061933676	0.07274505789921203	0.04557693222564252	0.02754445474771632	0.016179123936236755	0.009297855459904443	0.0052560860768813035	0.0029351006038410487	0.001624248516356147
0.35664733414331984	0.2883425037847715	0.22171704518155738	0.16152957441908256	0.11148809069373752	0.07316773130731359	0.04595173631924662	0.027828204185836137	0.016373450069584784	0.009422175735189152	0.005331917105934266	0.00297981495983393	0.001649982814041291
0.35850341658480966	0.2895406312105212	0.22232586433945078	0.16169984447095143	0.11140109462168817	0.07297767121241604	0.04575572663076133	0.02766942243137132	0.016260589160570285	0.009348317698623054	0.005286199666263623	0.002952589256761875	0.0016342061807972674
0.3576193266670421	0.2889089240369503	0.22193191311557903	0.16149647753251015	0.11132505693976413	0.07297040141045297	0.0457760836103635	0.02769492151623635	0.016282031718525932	0.00936362770918547	0.005296177109221714	0.0029587286885249626	0.0016378420994460773
0.35674651936705465	0.2879335364446734	0.22094445210188804	0.16059321870488558	0.11057674944978794	0.07240429999541584	0.04538006476769991	0.02743503975349766	0.016119821104270057	0.009266169046797942	0.005239267189772257	0.002926188991938704	0.0016195221264092498
0.35826441143565235	0.2893110068406269	0.2221192222676817	0.16152733578206435	0.11126790866868637	0.07288220932665983	0.04569162982411196	0.02762864226569273	0.01623571998053717	0.009333632929063179	0.0052777346172752865	0.002947795252135002	0.0016315261811311098
0.3569010287544208	0.2885000955670143	0.2217897154767963	0.1615403782560058	0.11146413115504422	0.07313162404700692	0.045917322998713386	0.02780122964715823	0.016354604904112245	0.009409967915832741	0.005324408932485845	0.002975362596784671	0.0016474102123824235
0.3592017813561152	0.2903424723354011	0.22315270564805217	0.162466039406657	0.1120417726345278	0.07346561258062625	0.046098729924055865	0.02789530583377006	0.016401937819958527	0.009433398552647139	0.005335947988270779	0.0029810616813918337	0.0016502475610099367
0.35544574842233884	0.28707214791624025	0.22048007982392717	0.16042870291129774	0.11059351574801836	0.07250011468309624	0.04548915929728053	0.027526701295758585	0.016186171453792638	0.009310047184158923	0.00526660545469226	0.002942539503899749	0.0016290244839403118
0.3576514236917629	0.28900133272101297	0.22206452705555915	0.16164284136238785	0.11146113182100802	0.07308143708005443	0.04585787500644995	0.027750567255325508	0.016317664233952613	0.009385432389308994	0.0053090792798347565	0.002966176947895229	0.0016420648765042858
0.3566503074481768	0.2882651606790116	0.2215829267504499	0.1613709661078942	0.11133533725805453	0.07304043673046604	0.045856680030418116	0.027762930198052087	0.01633137928807781	0.009396311713948275	0.005316561868118428	0.0029709291618059282	0.0016449361819326094
0.3550665723215561	0.28704402289207664	0.22072451828807538	0.16082727375483696	0.11102727662921022	0.07288494630459885	0.04578729072024655	0.027736249085689148	0.016323336698746947	0.009395271679918379	0.005317579175643152	0.0029721927373929967	0.0016459294908020654
0.3576128841181394	0.28893719979294796	0.22198502826124944	0.1615607560309508	0.11138757692167464	0.07302275342579054	0.04581527414681079	0.027721868178236783	0.016299411497068293	0.00937431626918076	0.00530252406739493	0.002962401954544822	0.0016399284318396746
0.3588015603035855	0.2899369132285704	0.2227706970263415	0.16213474511852485	0.11177792146598071	0.07327174406061147	0.04596600312475138	0.027809585019550127	0.016349061335670538	0.009401905560773553	0.005317676142026092	0.002970663854744249	0.0016444140345705121
0.35896833330890515	0.28984186144157414	0.22248033647832688	0.16174498899015086	0.11138193663554084	0.07293248101204892	0.04570860130818993	0.027631109411197445	0.01623331792007489	0.00933046057280413	0.005275143737296922	0.0029460047137611326	0.0016303905545420867
0.35506977730166667	0.2873305398311625	0.22121081588896416	0.16139900995864076	0.11157690441093929	0.07334286064138576	0.046129381225610326	0.027971313482380546	0.016474944961657734	0.009488533229999253	0.005372975747806687	0.003004262663503414	0.001664149104764648
0.35492032994165756	0.28679431123727683	0.22041190608717406	0.16050266761312315	0.11073523764354458	0.0726512115460968	0.04561717166105037	0.02762140109420311	0.01625016864666719	0.00935065198293067	0.005291239643384906	0.0029570124905922528	0.001637333185197188
0.3581233898675348	0.2890574870411775	0.22179657524290708	0.1611901701119388	0.11096396575151962	0.07263897850430044	0.04551479138721637	0.027509425112481858	0.016159873205936724	0.009287435716922926	0.005250491084178301	0.002932106434362778	0.0016226473250066321
0.3559437046352031	0.2876610786316818	0.22109900584745393	0.1610097404086285	0.11108394954113121	0.07287625801883152	0.04575498764520025	0.027702477508153578	0.016296508248129993	0.009376618469663008	0.005305600303838593	0.00296488721450918	0.0016416277376273452
0.36006390415167333	0.29061124699153323	0.22294564844528642	0.16197032719233598	0.11145091582400345	0.0729208689475957	0.04566829223640405	0.027589354027628077	0.016200311338521716	0.009307588764049598	0.005260491165115869	0.0029370843974519376	0.0016251448042171866
0.3556699453850193	0.28736621164200815	0.22080791509995545	0.1607480210701404	0.11086965607214393	0.07271542684407085	0.04564308240324496	0.027629310984646542	0.016250955593968875	0.009349298178478653	0.005289666872186475	0.002955784997711382	0.001636506442026462
0.3551322395905766	0.28690554756890174	0.22043798477338392	0.16047113440225932	0.11067640182561413	0.07258883879143564	0.045564446282244105	0.02758243862626396	0.016223853537368795	0.009333961240058052	0.005281115740360441	0.0029510653001667215	0.0016339192899832002
0.3556947048196784	0.287598751244025	0.2211850256722872	0.161184165475432	0.11128520956875465	0.07305962983226272	0.04589916357096919	0.027804741789725522	0.016363847677040542	0.009418627345126471	0.005330796688745421	0.0029795738062931448	0.001650012207672752
0.3563382686358067	0.28811201388676755	0.22156287931597826	0.16143921601622077	0.11144313117127307	0.07315002777097396	0.045947642498293174	0.027829490351293024	0.01637606845236477	0.009424548843777697	0.005333645690172463	0.0029809472527084404	0.0016506798119097124
0.3586811981241675	0.2900803220090503	0.22310817961450097	0.16256704165578434	0.11220929654788199	0.07363815662359996	0.04624273711255483	0.02800097252170175	0.016472990314393633	0.009478332116506534	0.005363147221580025	0.0029970165078510823	0.0016593966735544117
0.35913458212607496	0.2899336542980151	0.22250849779720713	0.1617293980481767	0.11134473014730928	0.07289117307426649	0.04567306598162878	0.02760463420185846	0.016215361072582465	0.009319044842646906	0.005268210273162657	0.002941928513403616	0.0016280495417684737
0.35558163184989333	0.28705289141441653	0.22034278841971447	0.16022785826121902	0.11038279478016196	0.07231657185093408	0.045348518958008205	0.027428552417721477	0.016122237444669323	0.009270458484981066	0.00524298439946699	0.0029288222299376815	0.0016212142590098279
0.354978074645018	0.2867348158178019	0.22026612132619436	0.1603144557825818	0.11054683244481768	0.07249089258003934	0.04549593822597744	0.027537474426640198	0.01619578053492671	0.009317089564366965	0.0052712610497082975	0.0029454293474041123	0.001630745646417511
0.35674682129449525	0.2882523475076495	0.22148663480257808	0.16122943533211093	0.11118645174275225	0.07291050037190579	0.04575696574313718	0.027693262046125593	0.016285958028063426	0.009368168098836165	0.005299761633827971	0.002961169474751033	0.001639377871379868
0.3571775654449195	0.28883966866558447	0.2221549778325716	0.16188864707418332	0.11176129871184882	0.07336131540311357	0.046080564496224226	0.027909612361860462	0.01642283998367399	0.009451226167480007	0.005348614367737267	0.0029892504629895	0.0016552489778183758
0.3555804951621004	0.28714729057734967	0.22050420939780263	0.1604175847408206	0.11056475438451856	0.0724677154332222	0.04546109673399959	0.02750570451950269	0.016171888243295393	0.00930094743888118	0.005261069909608811	0.0029392813470016576	0.00162715166858402
0.35499045764817927	0.28677899442257965	0.22033178061835676	0.16038794620025282	0.11061567339538815	0.07254733354168894	0.045537650891845236	0.027565921128112177	0.01621402874400425	0.009328271152119916	0.005277883996910688	0.002949255553129073	0.001632916116692928
0.3598388240575688	0.29064930597201305	0.22318371457256037	0.16231538095803255	0.11181141684439659	0.07323393035524187	0.045907581502987134	0.02775599823470758	0.016308675618872323	0.009374595884530173	0.0053004279716134675	0.002960256971208412	0.0016383300981162897
0.35699381446001166	0.28848054124100075	0.22168478176056128	0.16138974548059215	0.11130697645115824	0.07299502313988378	0.045812733889048315	0.027728258925414574	0.01630707446562175	0.009380535882471563	0.005306847231089624	0.0029651636923203896	0.0016416030369837704
0.3558746862094674	0.2873643817375483	0.2206471183585452	0.16049922723823387	0.11060351637471624	0.07248134806137134	0.04546268824823973	0.027502955893509328	0.016168444640016877	0.009298119076479948	0.005259093511966575	0.002938015134014365	0.001626382550490575
0.3593508409265796	0.29025319880884115	0.22288562168260567	0.16210852976373696	0.11167881768607953	0.07315469142096172	0.04586281576028725	0.027731708646792343	0.016295829658999728	0.009367893914476823	0.005296948544055693	0.002958449325413344	0.0016373874172121055
0.35568053933575766	0.28729795536571356	0.22068355554852506	0.16059884071218575	0.11072510715705108	0.0725946078584113	0.04555271708882036	0.02756720175031717	0.016210902706053937	0.009324666207316954	0.005275039762378616	0.002947319239765587	0.0016316978472127948
0.3575679335393592	0.2887562079741628	0.2217115833822453	0.1612528761566765	0.11109844784784752	0.07278547250829646	0.04563987464778415	0.027602269091597895	0.016222712401134393	0.00932733385229114	0.005274704146877174	0.002946333835608236	0.001630815388779581
0.355959803262061	0.2877437277599363	0.2212274086136666	0.16115598729514244	0.11122223177796782	0.07299028927242282	0.045839586123270264	0.027760323413987934	0.01633368449340963	0.00939942819724021	0.005319123419551771	0.0029727050770528346	0.0016460647053886197
0.356014125783226	0.2871773325485376	0.22022210959925373	0.15996034808912127	0.11006901877410064	0.07202928739659757	0.04512235880022618	0.027268147364146667	0.01601666731391228	0.009204639426104623	0.005203528765139209	0.002905834728033888	0.001608095659718929
0.3557879263617946	0.28722432144143756	0.22047565676222652	0.16032343253157352	0.11044671200212393	0.07235664287953379	0.04537236288817313	0.027442203302805675	0.016129849675723267	0.009274633344275989	0.005245251895188747	0.002930047363170321	0.0016218745550780548
0.35920346678510084	0.2902497500830213	0.2229934169992027	0.16227835236457058	0.11186146595259741	0.07331567191335552	0.04598696722473361	0.027818679425892962	0.016352613800790797	0.009403106818179912	0.005317978645638094	0.002970669641568711	0.0016443482687203005
0.3567721149727162	0.28794557644141544	0.22094524609943234	0.1605866799225478	0.11056706837073348	0.07239466614669608	0.04537215958411616	0.027429297332646426	0.016115984832040357	0.009263753655568897	0.005237809571476105	0.002925335812510925	0.0016190336349188059
0.3583260436212018	0.28909203222074287	0.2216995636658984	0.16101740672292025	0.11077165637751359	0.07246694683324378	0.045381103209732224	0.02741537062087443	0.016098304897193272	0.00924919339955778	0.005227627049593896	0.002918810703152036	0.0016150700527114744
0.35781278575564923	0.28918582915219904	0.22225430398790033	0.16181845863341549	0.11160788762860467	0.07319318790330627	0.04593643832981903	0.02780231536067482	0.01635005370771076	0.009404932656218203	0.005320483619882242	0.0029727050028798305	0.00164574323773149
0.3564152857121448	0.28748458183066505	0.22043609208435844	0.16009418602916403	0.11014357117430218	0.07206601415013404	0.04513812863014299	0.027273777504902827	0.016018039380309414	0.009204525188945932	0.005203061556492501	0.002905400012204166	0.0016077817983557057
0.356867594319485	0.28832443186634876	0.22151626164913485	0.16122879735240223	0.11116956063761739	0.07288880514106169	0.04573726154905881	0.027678165264071544	0.016275546444126487	0.009361477617417825	0.005295668547539153	0.0029587510193703863	0.0016379839879114917
0.358253340040748	0.28910184995328636	0.221772090409234	0.16112355415898796	0.11088286283156087	0.07256361560944927	0.04545502082219962	0.027466855962744334	0.0161317868494228	0.009269897805294107	0.0052399673791013865	0.0029259710918192123	0.0016191444115904899
0.35540039554696623	0.28726723868401394	0.22084723285816082	0.16087341267669042	0.11102644109346878	0.0728629753889228	0.04576105403576311	0.027713815599253063	0.01630694685310929	0.009384371118005578	0.0053107620374984255	0.002968105004782799	0.0016435495307529494
0.35775716948875386	0.2888921857587305	0.2217972283182169	0.1612979862281765	0.1111162669184526	0.07278833291344278	0.04563650345340036	0.027597495274546333	0.016218567276571446	0.00932433183857434	0.0052727325779112644	0.002945114993140386	0.0016300913907079013
0.3578530389322157	0.2889019323455521	0.22174002253849093	0.1612028420459664	0.11101228441732335	0.07269602521586938	0.04556503889334062	0.027547317618571862	0.016185757583049208	0.009303965885938332	0.00526056118384975	0.0029380389477633873	0.0016260593920619333
0.35537796822050194	0.28708653946548984	0.22055677265876836	0.16053862210640638	0.11070806292632299	0.0725995921391973	0.04556527343628549	0.02757977920505037	0.01622073234361746	0.00933144290638063	0.005279369823675043	0.0029499514958596677	0.0016332444653608235
0.35881696969776106	0.2894841189772146	0.22198860289896732	0.16121287612776927	0.11089308283229038	0.07253684328334592	0.04541891450749151	0.02743491127665123	0.016108108317098354	0.009254035087107313	0.005230007118275724	0.002919984523375096	0.0016156537981513541
0.35850897773502394	0.28955064134070474	0.2223386156152095	0.16171318110941216	0.1114131270821074	0.072987307437062	0.045762737053513886	0.02767415104840432	0.016263598780601848	0.00935015139562177	0.005287281295971313	0.002953212248697062	0.0016345588002412226
0.3559062918945492	0.28766059897720614	0.22112705719775447	0.1610537150844895	0.11113123198309556	0.07291797253428689	0.04578720404287623	0.027725078523205843	0.016311284080600306	0.009385791398733622	0.005311083530051147	0.002968075682052284	0.0016434449108167614
0.3566582139798412	0.2882150825554082	0.22149150868003034	0.161261181055479	0.1112288708868447	0.07295138944133452	0.04579004418691025	0.027717113269294144	0.016301824899564887	0.009378132649416013	0.005305765184300569	0.002964679742058872	0.0016413862359358892
0.3565207060822467	0.2881375289483759	0.22146548954018813	0.16127099979875625	0.11125686260942337	0.07298340418302526	0.045817952381332246	0.027738069224273885	0.01631611220176549	0.009387248491533273	0.005311316154415823	0.002967949299479579	0.0016432665511775801
0.35892493283778637	0.2897571508960903	0.22236966173459358	0.16162788590865024	0.11127563831069405	0.0728470588257213	0.045646331216731645	0.027589056761788137	0.01620653273212534	0.009314133194755431	0.005265509841185527	0.002940454677390414	0.0016272487349058742
0.3560835579934157	0.2877637954397295	0.22116609179519459	0.1610475101154931	0.11110132809716838	0.0728818249422611	0.04575503297119788	0.02770066484798863	0.016294535567703453	0.009375062854072884	0.005304533262590778	0.002964210525134856	0.0016412192370292124
0.3558881094593094	0.28710042643812633	0.22018818687321295	0.1599572947388445	0.1100828843360264	0.07204864454970114	0.045140368604604145	0.027282089677258287	0.01602633347089482	0.009210869254295742	0.0052073467854639646	0.002908093176053138	0.001609398274511208
0.356256639768337	0.28783656931751206	0.22115655721337332	0.16098548922731393	0.11101845371047947	0.07280193094411427	0.04569039092109773	0.027654047717788184	0.01626351957998635	0.009355582229931707	0.005292795242185691	0.0029573468015367224	0.0016372919951790398
0.35939746120615707	0.2905540315897561	0.2233621244473299	0.1626546706592324	0.11219638701985576	0.07358171053470935	0.04617951852690478	0.027948121239884945	0.016434812832779724	0.009453110522423692	0.005347441496394677	0.0029876261999163115	0.001653940428771497
0.3577880855055295	0.28940774880204223	0.22265180039575377	0.1622933789476356	0.11206751821001082	0.07357726108298598	0.046223713695712446	0.02799978671882392	0.01647741315307077	0.00948326379319896	0.005367001537083865	0.0029996293522275112	0.0016610368137801885
0.3556015561306802	0.28720274689234554	0.22058235215554248	0.16050314828752252	0.1106439590513298	0.07253217783470599	0.04550850440422056	0.027537924724371367	0.016192506839367713	0.009313559308671795	0.005268530501688295	0.0029435874699291383	0.0016295927192403164
0.35103354676349785	0.28396955436757576	0.21859736870260726	0.15951120188442827	0.11030846686987195	0.07254395348087445	0.045652010980138706	0.027697062610584192	0.016321593813080036	0.009404255240865739	0.005327132168189544	0.0029794660281621125	0.0016507741942649863
0.3552159308937292	0.2868601072584961	0.22029620594021587	0.16028012725988255	0.11048193604186846	0.07242193538528849	0.04543761252534829	0.02749437022926997	0.016166670780254692	0.009298628757606793	0.005260064965036338	0.0029388530495126656	0.0016269709612014066
0.3605164897685857	0.2912922070912471	0.2237556972357352	0.1627881185064044	0.11217328478286474	0.0734914598906049	0.04607949701452918	0.027864871038970077	0.01637482995843444	0.009413549613763762	0.005322835004688916	0.002972926269908272	0.0016454040639033692
0.35874462364313453	0.2894205295047345	0.22193614266759373	0.16117251976485306	0.11086414850951071	0.07251740182440657	0.04540655355154201	0.02742739078458992	0.01610368323370525	0.009251494465942527	0.00522857396589361	0.0029191861895068523	0.0016152130418268973
0.3566339831342597	0.2879716893575481	0.22109587224835045	0.16080368634300393	0.11079338865130109	0.07259112229861023	0.04552234660830045	0.02753393262882284	0.01618405890237606	0.00930586647086738	0.005262919071883573	0.0029399098445248312	0.0016273284528568607
0.35797854425006576	0.289429065256702	0.22254084903531737	0.1621066281041353	0.1118621803146404	0.07339414296353283	0.046081419331837827	0.02789958063465141	0.016411738711269743	0.009442424650265803	0.0053425615150423855	0.002985406266901087	0.001652926220570378
0.3573279983376014	0.28859164154815686	0.2216163347006695	0.16121134236086945	0.11109087196194992	0.07279432140734522	0.04565344396030363	0.027614693823342206	0.016232069816691213	0.009333659482414011	0.005278698626658057	0.0029487437532969185	0.00163222418409252
0.35656035409959425	0.28764062568644316	0.22058976807899516	0.16023191357837657	0.11025593257606735	0.07215003613140451	0.045196394805747456	0.027311763917349918	0.016041633742818823	0.00921864972154817	0.005211287338647386	0.0029100940240446077	0.0016104207015277213
0.358244870250841	0.28945877449777274	0.22238582558732498	0.16184607052044248	0.11157607784178064	0.07313933017025996	0.04588364417428786	0.027760441741907064	0.016320621184432563	0.009385799710913746	0.0053086910082563	0.0029657022824867256	0.0016416932927592204
0.3561026228345396	0.2874001694529275	0.22053271076489758	0.1602984547372149	0.11038068091242181	0.07228209122514934	0.045307774648305606	0.02739389044478132	0.016096997074158438	0.009253710869012582	0.005232528354806996	0.0029225603228830647	0.001617571785885624
0.35767531627867055	0.2889185808752364	0.22190519646009055	0.16144868659928552	0.11127169549312285	0.07292253683764578	0.04573879900224509	0.027668638155543924	0.01626479888350389	0.0093529102706749	0.0052897632441452555	0.002954996211500375	0.0016357137832883947
0.35514357046275863	0.2867800849404135	0.220215756765506	0.16020687515511878	0.11042142734563162	0.07237624178238745	0.04540568077755977	0.027473427757450944	0.016153603225213874	0.009290778845061763	0.00525548146005707	0.00293623240858992	0.0016254955513341648
0.3578379964186906	0.28908290617775984	0.2220595521675166	0.1615822382666259	0.11137785660836821	0.07300042284929727	0.045792060157007416	0.02770300703372417	0.016285985832915007	0.009365523363287179	0.005297078793562985	0.0029591582277690267	0.0016380484113587735
0.3541252134383907	0.2861939290920848	0.22000241213622765	0.16025478999238613	0.11060453641622205	0.07259299990936988	0.04559709984713038	0.027618117178164408	0.01625263605155415	0.009354124285367488	0.0052941200032277595	0.0029590174229756766	0.001638610009203001
0.35701414903761963	0.2882737812743384	0.2213171687617041	0.16095212738111506	0.11088461077502666	0.07264288715475842	0.04554983448107397	0.027547810439966576	0.016190827484652573	0.009309101768732954	0.005264452975118105	0.0029406380419852115	0.0016276769835807555
0.3597530446960302	0.29015061590343794	0.22240189633438073	0.16142418675167955	0.11097037550977046	0.07254246680632177	0.04539625987595249	0.027407435660611944	0.016085250162671507	0.009237806147834347	0.005219467719717398	0.002913514409481107	0.0016118282274870104
0.3544482641251412	0.2864649043376189	0.2202148608554148	0.16040967375599094	0.11070967029647284	0.07265994735925495	0.0456375607608963	0.027641626048400994	0.016265922526959926	0.009361497030678019	0.005298164166309052	0.0029612202715516454	0.001639804971271439
0.3579659186571882	0.28912357072949446	0.22203018334159544	0.16151025461571772	0.11129163602276852	0.07292073432065238	0.045728987722202595	0.0276581195215543	0.016256375832882496	0.009347033757231834	0.005285983001181819	0.002952688661625744	0.0016343543098416105
0.3580451214566572	0.28936549330866257	0.22238106857707948	0.16189915990773046	0.11165396645891631	0.07321673556031642	0.0459471748313672	0.02780661921121474	0.016351489864781958	0.009405245785988227	0.005320431245829391	0.002972576428486382	0.0016456301085096474
0.35879088544681537	0.289825367684887	0.2225889756347914	0.16192444871227415	0.1115777025346645	0.07310612508255655	0.04584297438308939	0.027725428231876716	0.016294976378314587	0.009368727283186561	0.005298010243519032	0.0029592972077692203	0.0016379641658866655
0.35683347206837124	0.2879141961059283	0.2208447945991298	0.16045107723260782	0.11042912362957782	0.0722764702839211	0.0452825061709053	0.02736715349049541	0.016075694971081435	0.009238889283246638	0.005223009761958348	0.0029167562762831886	0.0016141549178937133
0.3586713529587392	0.28983516032062123	0.22269785304662199	0.16208740817901918	0.11175007499933995	0.07325686422421841	0.045958728751044974	0.02780630843872543	0.01634769826695983	0.009401386315260324	0.005317501095722646	0.0029706174789096633	0.0016444101033980646
0.35603560852478144	0.287583225741138	0.22089559403292297	0.16074378919731597	0.11081635840304334	0.07264797280246486	0.045582115413770004	0.0275827064835015	0.016218854753796218	0.00932868556186154	0.005277062440460155	0.0029483397734556688	0.0016322162458914527
0.3574477363355047	0.28880711240749074	0.2218908586024031	0.16149860258485257	0.1113502118072891	0.07300216954059353	0.04580476755058244	0.027716832644763677	0.016297115685078602	0.009373309267923288	0.005302095306326491	0.0029622235610233783	0.0016398555679827227
0.3573056966322987	0.28884887548925614	0.22207164739403717	0.1617528597195008	0.11161346178321696	0.07323009030922992	0.045978862735331034	0.027838108642576635	0.01637602635065615	0.009422136089244078	0.005331213989852185	0.002979127596223326	0.0016494778835293225
0.3534155128586226	0.2857687131553274	0.2198254742290618	0.16025539020468935	0.11070117297735209	0.07271875654892045	0.045711961520650775	0.027706436383116494	0.016313701906519384	0.009393439649927731	0.005318206368555067	0.002973264254955412	0.001646827690862248
0.35813708853386583	0.2891618078930921	0.22196342977297	0.16138181857419429	0.1111456059425716	0.0727887519114484	0.04562578718873735	0.027585216646559805	0.016208517691241493	0.009317247248740845	0.005268148578219458	0.0029423067983074666	0.0016284331298104804
0.3585060151865731	0.28945849397248813	0.22218411520658862	0.161532771830946	0.11124070539947697	0.07284442596973187	0.04565650654387156	0.02760145430302747	0.016216869306376894	0.009321482514243747	0.005270287481770905	0.0029433898214625796	0.001628985126733951
0.3584601391528222	0.28934018591628613	0.22201822461795476	0.16135165836777102	0.11107346770038483	0.07270862846055463	0.04555684533460706	0.027533843614843817	0.01617366901987231	0.009295090318244091	0.0052546900865337014	0.0029343939391951843	0.0016238884177605863
0.3563532701744428	0.2877950056238698	0.22101136254896386	0.16078666056833738	0.11081476022176026	0.07262657361731648	0.04555691195500221	0.027561277381001767	0.01620325020006868	0.009318329964137027	0.0052705960181038715	0.0029444665795720854	0.001629962978802067
0.3544317484081041	0.2867031469925917	0.22063378880515158	0.16090757050211635	0.11119064591717173	0.07306169011665546	0.04593812965966816	0.027848346331509802	0.016399327993988883	0.00944359354138235	0.005346942124290661	0.0029894640315482096	0.0016558530757735167
0.35848300706121605	0.28970439317760033	0.22262045228768532	0.1620517981350836	0.11174132536674755	0.07326154412143349	0.04596773207357304	0.027814954327902985	0.01635434243669643	0.009405926585546363	0.005320386855310479	0.0029723657778276784	0.0016454349911272346
0.3581861789092119	0.28932087250644645	0.22219627992277	0.16164069139643203	0.11138704603850746	0.07298603845292818	0.045771191773273004	0.027684154944093403	0.016271870391228918	0.009356011079607285	0.005291083255611481	0.002955545379448372	0.0016359380934646518
0.3589955968607741	0.2899336150689312	0.22261545432255356	0.16189553538253343	0.11152247483981126	0.07304735895120065	0.04579327543530077	0.02768872159826831	0.016270204695453667	0.009353028092169433	0.0052884944770771125	0.0029537104938537136	0.0016347586642127929
0.3556256157843771	0.2874734310438576	0.22102476119850042	0.16101595892550577	0.1111329197083913	0.07293724965788789	0.04580984958765407	0.027744332809253723	0.016325311593691626	0.009395105327265445	0.0053169021954360554	0.002971562204790505	0.00164547382697329
0.3593527786779804	0.2900476064778261	0.22253439006035428	0.16169600110485907	0.11128356876523511	0.0728267812243406	0.04561889285299591	0.02756475080935742	0.01618850337866483	0.009302049292703556	0.005257919856357579	0.0029358917119659215	0.001624587754912834
0.356984211782064	0.2884272122632337	0.2216013627522701	0.1612945495642343	0.11121692590754986	0.07292077938520304	0.04575767791492955	0.02769063255531605	0.016282904523315586	0.009365712405768544	0.005298061860766098	0.0029600861233044285	0.0016387218922832248
0.3553145016310284	0.28724262336432765	0.2208715895202293	0.1609273272918373	0.11108986303542023	0.07292124115459449	0.045807072023317214	0.027746546148983746	0.016328538206451904	0.009397857126094743	0.00531885769381678	0.0029728267057283876	0.0016462462898145507
0.35477301826799346	0.2867991349810411	0.22053377201722327	0.1606892584718237	0.11093437867633305	0.07282632022194213	0.04575218226576432	0.02771603089784537	0.01631200387818414	0.00938902890156994	0.005314176184336741	0.002970348698285201	0.0016449333272306953
0.3572575515944561	0.28851551496414346	0.2215410481067658	0.16114360688349672	0.11103541706342801	0.07275272557059602	0.045624524511455364	0.027595800832517302	0.016220315900305093	0.009326614424895414	0.005274591944605366	0.002946398667465116	0.0016309051354436558
0.36008050487342685	0.2906402122079661	0.22298212245783985	0.16200822422843386	0.11148494669380182	0.07294802269774277	0.04568798856585465	0.02760260815795613	0.016208731565574896	0.00931271168272339	0.0052635096858471946	0.0029388215590110257	0.0016261274483146135
0.352557143028892	0.28519523118754536	0.21951067344519357	0.16013773832933345	0.11070455072754665	0.07277659869840515	0.045780698708832064	0.027765174084567284	0.016356627939514996	0.009422003021002384	0.005336078478800813	0.002983985367052588	0.0016530718729578845
0.3555471283240445	0.28739441700055934	0.22095069635491396	0.1609519373203698	0.11108203151371315	0.07289989585546315	0.04578428536623834	0.027727822171195186	0.0163151252504216	0.009389036946550425	0.005313380566506601	0.002969557761639721	0.0016443490752046693
0.35916131788299377	0.2902782266815964	0.223074472124419	0.16238598213323371	0.11197040913139068	0.07340886719100335	0.04605762971004362	0.027867662321400356	0.016384377011352695	0.009422713034007253	0.005329650714579842	0.0029774369382243775	0.0016481968655332779
0.35594388200667004	0.28788792371134314	0.22148558103293836	0.16146449513009395	0.11152094668299074	0.07324005914400578	0.046026537434531604	0.027888919314886844	0.016416672238929522	0.00945049457850615	0.005349462094502521	0.0029902705348329693	0.0016560446818038785
0.35536018821551507	0.287238320901102	0.22082898860540284	0.1608637804833579	0.11102262507422307	0.07286235996204257	0.04576177850944878	0.027714844662036442	0.01630784228758824	0.009385020676328192	0.0053111891705807995	0.0029683693151733503	0.0016437066456103842
0.3552805871104923	0.2872671123767077	0.22093953004722525	0.16101725129086414	0.11118088916768101	0.07299920445801736	0.045866281953905116	0.027787658538762267	0.01635523786421472	0.009414358720944059	0.005328691570575495	0.002978532827568655	0.001649493397189243
0.35685937129614553	0.2885571868581763	0.2219192294398267	0.16170500091933732	0.11162793870954857	0.07327061286692639	0.0460222625976841	0.027873808543632923	0.01640161063994827	0.00943896267249757	0.005341663446371888	0.0029853642335029348	0.0016530974258606374
0.3586000455191914	0.28963642778203186	0.22241444989436746	0.16177550866725796	0.11146061619806759	0.07302097813945625	0.045785148810678314	0.027688312652029798	0.01627218932120625	0.009355203405317711	0.005290184599524249	0.0029548526833833707	0.0016354742747388044
0.35978166284146257	0.290516835541523	0.22300232037332443	0.16211927963944905	0.1116312595788787	0.073088077550916	0.045800743281604675	0.027683610974255576	0.016262464574269456	0.0093463824041353	0.005283761985068609	0.0029506480504466353	0.0016328874302498845
0.35556389849047293	0.2872458832971042	0.22068477529339514	0.16063446275807	0.11077497815610882	0.07264343860316161	0.04559251954264897	0.027596024595456917	0.01623012813108731	0.009336761187358836	0.005282335618904825	0.0029515886919324664	0.0016341420246772861
0.3574928538132977	0.28909508575452675	0.22234680493202766	0.16202144928152357	0.11184617330235917	0.0734118288077492	0.04610895008424045	0.027924913687218476	0.016430872105793602	0.009455383503112966	0.005350755680907028	0.0029903546633472796	0.001655820982938259
0.3601194883837451	0.2909677857026549	0.2235095210436383	0.16261557109719674	0.11206135821562194	0.07342366112886746	0.04604061523565332	0.027843434689108677	0.016363307240123165	0.0094074421403777	0.005319617170318236	0.0029712324028097568	0.0016445106801231282
0.35937212373211797	0.2899906124801145	0.22242264556751284	0.16155942197038123	0.11115035200897112	0.07271520467583917	0.04553543276591034	0.027507428692214238	0.016151573109689635	0.00927935913900428	0.005244456939259408	0.0029281050078140253	0.0016201672198420545
0.3552940146470003	0.2869590142878626	0.22040438727114908	0.16038426771597236	0.11057130066571202	0.07249124585649927	0.045486976888892375	0.027527190546552237	0.01618735277691909	0.009311142118643465	0.005267409657366449	0.002943068448724868	0.0016293508387032977
0.355152384635032	0.28735033866169213	0.2211806534711839	0.161339033350503	0.11150788850740659	0.07327996883055375	0.04607988405568834	0.027936164674544975	0.016451775303513494	0.00947406609887378	0.005364292281018715	0.002999198359650565	0.001661256691206356
0.3547909956959616	0.2866585230723485	0.220280370645514	0.16038604616649302	0.11064072574123772	0.07258081050420817	0.04556845536322301	0.027589676297734896	0.016230474616869772	0.009338865514777115	0.005284376321785262	0.0029530961529397478	0.0016351315124147412
0.3557814309030866	0.28760305203334435	0.22112537416774786	0.16108845686881754	0.11118148907341663	0.07296774584326683	0.04582801780779392	0.02775474274330094	0.016331119297927087	0.009398291205972317	0.005318632635615195	0.0029724971268301646	0.001645977668478777
0.35931807443121755	0.2902081672931712	0.22283422778316525	0.16205781099071542	0.11163462426733943	0.0731200831610763	0.0458380147136654	0.027715153743574257	0.016285370284694366	0.00936155468264653	0.00529322341297651	0.0029563096262337123	0.0016361787436797578
0.3540661022562054	0.28624339972783636	0.22013231499916888	0.16042495983590838	0.11077605517892933	0.07273957571287672	0.04570827469076802	0.02769525148013909	0.01630270542832864	0.009385060063985038	0.005312552131764769	0.0029697113325004806	0.0016446949345073185
0.3548075453551325	0.2867000877291707	0.22033839256479562	0.16044937551885408	0.1106992891984835	0.07262847069614922	0.04560351835615661	0.02761351806470535	0.016245738992660012	0.009348206315140311	0.005289903836538399	0.0029562874215034473	0.0016369409627089652
0.36027861271893713	0.29089961285839455	0.22327079801315025	0.16228875338428914	0.11172687138404255	0.07313609343558126	0.045822045533553214	0.027691739398242796	0.01626487985806384	0.009346668309345087	0.005283431641417062	0.0029502510828014563	0.001632578117198607
0.3567534158023759	0.2882837011004977	0.22153494891533096	0.161284271165896	0.11123818588299832	0.07295309045874165	0.04578852092111889	0.027714815687718435	0.016299798506327734	0.009376654521502976	0.005304790458831376	0.0029640756072052826	0.0016410267621389137
0.3566750559679199	0.28817153547676533	0.22140435576505071	0.16115383110812845	0.11112358426007818	0.07286279490735804	0.04572351017057815	0.027671263868785722	0.016272206239946345	0.009359896051123232	0.005294926946036002	0.0029584032672842586	0.0016378197090344433
0.3591659515668816	0.29004593326266587	0.22267534670270084	0.1619159255306555	0.11151913167217133	0.0730338452566526	0.04577827051228871	0.02767623096770575	0.01626120692824162	0.009347095297058051	0.005284805211144224	0.0029515069484575924	0.0016334792392521161
0.3557395383080176	0.2875294345599684	0.2210322603336827	0.16099127465105714	0.11109380166159923	0.07289744034523463	0.045776790417510205	0.027720134276827114	0.016309060481821708	0.009384835053971016	0.005310687667239027	0.002967917560742648	0.0016433840870890791
0.3574926456768772	0.2885605237265929	0.22143670471446103	0.1609524729097533	0.11082083583128807	0.07255988686246505	0.045474210128064116	0.027489817771341338	0.016150827020212817	0.009283400494513268	0.005248732443797338	0.0029313510733822374	0.0016223252691489741
0.3553495409896044	0.28684409865833044	0.22016622474840697	0.1600885669834176	0.11028045331457587	0.07224623103202912	0.0453028896182644	0.02740031303157357	0.016105385998602263	0.009260673729438089	0.00523741584272789	0.002925699036889305	0.0016194809658055024
0.35570471412970195	0.28758648291397215	0.221156377130417	0.16114750802190794	0.11124861913879458	0.07302852239061983	0.04587564388877348	0.02778845781221614	0.016353292838029037	0.009412112737225527	0.005326918087424062	0.002977324767129104	0.0016487330015856915
0.35718365439406363	0.2885964389160551	0.22173574657153236	0.16139388929212675	0.11128534981983786	0.07296500446013733	0.04578479966749943	0.027706609481442688	0.016292047297463856	0.00937084103608755	0.005300900792899671	0.0029616440206924758	0.001639572012624383
0.3583249491403083	0.28908513212844167	0.22168868344448298	0.1610049841849241	0.1107599263030502	0.0724573008543636	0.045373969508657686	0.027410507322366724	0.016095187381638752	0.009247284629928049	0.005226497270413145	0.0029181583947593126	0.0016147001968428634
0.358584506061675	0.28975362477840555	0.22262598409281406	0.1620284782638183	0.11170525710372137	0.07322513206487995	0.04593762975599971	0.02779298706116559	0.01633962233724368	0.009396639137985045	0.005314773928953892	0.002969076972604691	0.0016435505663554215
0.35949403931102736	0.2904448448819867	0.2231014915908408	0.16231997943575124	0.11186222236518495	0.07329789694485701	0.045965241044358826	0.027799988314858592	0.01633892931005525	0.009393999013909997	0.00531228168821407	0.002967253715526579	0.0016423596567833594
0.35490552719196494	0.28689937260076365	0.2206023143725837	0.1607309026732536	0.11095646361949275	0.07283625827307397	0.04575569337131862	0.02771668577625605	0.016311658605440347	0.0093884890839845	0.005313718455067981	0.0029700271272984254	0.001644727525438232
0.36002345865113417	0.29052990385024735	0.22283848510883025	0.16185657243640245	0.11134753275156763	0.07283776895872988	0.04560772675879426	0.027548467492888782	0.016174279205728535	0.009291726159232414	0.005251134351024387	0.0029316953009561487	0.0016220946708583395
0.35459785953998724	0.2865926414061135	0.22031708001132652	0.16048590773154742	0.1107626855774512	0.07269455111815751	0.04565898424551394	0.02765435654483356	0.01627326340536054	0.009365641566504929	0.005300470526428862	0.0029624912740701787	0.0016405008365555
0.3544192258522681	0.28667269690849545	0.2205915228116355	0.16086148181692475	0.11114799366177447	0.07302693003465593	0.045912517358617976	0.027830905500811434	0.016388147920170328	0.009436745218845011	0.005342886384400089	0.0029871210759364213	0.001654524016954182
0.35367864581476754	0.2856704648497767	0.2194552526253209	0.1597428119898641	0.1101732251982564	0.07226254867553128	0.04536368242186229	0.027463803401662344	0.016155775197910848	0.00929568148758078	0.005259884282296979	0.0029393957900141214	0.0016275434704611745
0.3555010241964558	0.2870835518859923	0.22045693582023354	0.16038535502456613	0.11054452971028449	0.07245593274836423	0.04545463428224432	0.027502313093832984	0.016170158259905386	0.009300077992652454	0.005260634882470861	0.0029390630696713087	0.001627041356800239
0.35796988068457236	0.28939274172221674	0.22248561697868366	0.16204421399050195	0.1118034030764237	0.07334579403722397	0.04604561119480188	0.027875126788411874	0.016396037603126433	0.009432798023479903	0.005336857306117589	0.0029821099481658927	0.0016510559937277082
0.3575127869650875	0.288969085714449	0.22211658980696644	0.16174477723519715	0.11157769046000963	0.07318715053556689	0.04594074634759209	0.027809223720783465	0.01635622793911477	0.00940946154879589	0.005323478933158892	0.0029745647478095073	0.0016468510577541343
0.3564664589051184	0.28804783642704734	0.22135455237827947	0.1611565448725024	0.11115431490650148	0.0729015713890149	0.04575852430822245	0.027698017531115313	0.016290629263960094	0.009371723911171949	0.00530215875721728	0.0029626746298240542	0.001640280871292073
0.3577641511379278	0.28894138153227245	0.22187555919823312	0.16138786535945573	0.11120145195214509	0.07285859983505143	0.0456886038462643	0.02763308887289403	0.016241421985558703	0.009338343310317517	0.0052810340137062085	0.002949911622188114	0.0016328125718551468
0.3574019927591859	0.28839911646692484	0.22123204792782053	0.16073906521797413	0.11062873654296076	0.07240632063258846	0.045362647203610836	0.02741464876955553	0.01610302333873877	0.009254292413513011	0.005231570340348652	0.002921469362120863	0.001616733463491075
0.35809601653218526	0.2891664036328895	0.2220028658038874	0.16144009898570064	0.1112069380360653	0.07284222576220732	0.04566676730245154	0.02761380921536057	0.01622713642206023	0.009328772064560368	0.005275022782010561	0.002946297728975762	0.001630704962742455
0.3565678818466519	0.28762195953031916	0.22055229626331194	0.16018584512513007	0.11021088314626783	0.07211224804036923	0.04516809908468537	0.027292313885875573	0.016029094692736157	0.00921094164695679	0.005206711973788209	0.0029074468748518534	0.0016089175406745271
0.3577047578222702	0.28904232425965204	0.22209320061873622	0.16166086953893385	0.1114712357563825	0.07308645163852606	0.04586005018283034	0.02775135789326704	0.01631786746536252	0.009385426891470679	0.005309021481320938	0.002966121014908182	0.0016420239336383537
0.3549304015941439	0.28660453352864723	0.22008114615646987	0.1601112494336438	0.11035837334111658	0.0723373177189075	0.04538289122426976	0.027460590311289394	0.01614655466916064	0.009286967483646828	0.005253436938044636	0.002935139288887068	0.0016249114577854737
0.3585859557044095	0.2895398715701377	0.22226100388285666	0.16159957742825504	0.11129396285764961	0.07288357332479871	0.04568330992960648	0.027618764013472692	0.016227545522884697	0.009327840493007004	0.005273975939410027	0.0029454886201763053	0.0016301625515358434
0.3557984713232261	0.2874146604683684	0.2207913540114176	0.1606908737406235	0.11079751373703868	0.07264731629615265	0.0455885517483415	0.027590226326356538	0.016225051633309336	0.009333069923549278	0.00527990562803894	0.002950084124858358	0.001633247360188555
0.35379215493751787	0.285859040264482	0.21968882311749607	0.15998394454408368	0.1103893784330931	0.07243512577322493	0.045489076917976254	0.02754835756132276	0.01620959866979888	0.009328485112471458	0.005279240592656408	0.00295054809563963	0.001633857484663768
0.360469127162257	0.2908577859034917	0.22305310776007617	0.16197797934835415	0.11140412153779661	0.07285676343404794	0.0456090164416927	0.027543617789566335	0.01616867108388419	0.009287227773605	0.005248026598949149	0.0029297173795841047	0.0016208982869874542
0.3553320996038659	0.2873919601860167	0.2211126329428626	0.1612058391194816	0.111355256809163	0.07314117984361776	0.045970805870554396	0.02785878212987569	0.016400802022404272	0.00944225506568981	0.005345206026547558	0.002988070192085723	0.0016549023104443536
0.3582896654635662	0.2896753411873942	0.22272027972779057	0.16222605117765285	0.11193475598866189	0.07343468789716771	0.04610249522018748	0.02790992543025687	0.016416604988035776	0.009444648497122078	0.005343560480236496	0.002985851766871607	0.0016531251047694037
0.3573634148688609	0.2887886997371054	0.2219245442419602	0.16156294343063957	0.111423320647377	0.07306828403469376	0.04585651050267616	0.027753417946549463	0.01632115179821364	0.00938827897695046	0.005311062955999014	0.002967445949471919	0.0016428350071486146
0.3597159490473245	0.29067645997972014	0.22332474684772122	0.16251705242603992	0.1120212903846796	0.07341594973197159	0.04604666511338029	0.027852865000993494	0.016371678340550096	0.009413562434234203	0.005323657088588803	0.002973737498377812	0.0016460016006150937
0.35680399544923047	0.28838604040099197	0.22167026662014525	0.16142846489948315	0.11136977817712283	0.07305930885579141	0.045866238325285746	0.027767460129796893	0.016333411691499482	0.00939718299458766	0.005316920877906052	0.002971071609292705	0.0016449904185770648
0.3576787948955723	0.2887468038790043	0.2216102679952951	0.16110160157161912	0.11093868618342852	0.07264593233431325	0.045532823157066256	0.02752752508332432	0.016174017454608093	0.009297181711956013	0.005256714796776062	0.0029358879139476293	0.0016248682615564352
0.359234712380777	0.290419577267841	0.22325869360216102	0.16258096494462174	0.11214764596512825	0.07355154385171458	0.04616181584242699	0.027938129278323776	0.016429317096336462	0.009450134392754854	0.005345843013940789	0.0029867706735722584	0.0016534829069955372
0.35541427653158386	0.2871268717538729	0.22059745753509227	0.16057576667914233	0.11073881199645542	0.07262285297895996	0.04558155110390317	0.027590466409207693	0.016227406364046393	0.009335454597068114	0.005281713305995078	0.0029512918544322433	0.0016339992737369729
0.3594947202861106	0.29035848841260087	0.2229539398513951	0.16214654833390396	0.11169590623503127	0.073159791873543	0.04586242503426734	0.027729565503285793	0.01629363403987735	0.009366198403441776	0.005295797755314706	0.0029577240525002825	0.0016369513278570477
0.3573012424681275	0.28859682369188877	0.22164576438376327	0.16125372776790506	0.111135098147676	0.07283273614983321	0.04568282908235183	0.02763517695001326	0.016245401274712717	0.009341909351602779	0.00528361872620432	0.0029515999764534806	0.001633850016696003
0.35908331087107737	0.28986557169180216	0.22243217199983303	0.1616548926319125	0.11128028326536805	0.07284096359977246	0.045637218665631765	0.027580770965273324	0.016200314416608134	0.009309938714764333	0.005262864982182592	0.002938860622710825	0.0016263175533760448
0.35565759632106003	0.2870698318155995	0.2203131992440448	0.1601709772558837	0.11031814867244762	0.07225815339724731	0.045302838870227784	0.027396278990942206	0.01610104745504955	0.00925726767696974	0.005235085236518264	0.002924223297221148	0.0016185910154581148
0.3577047578222702	0.28904232425965204	0.22209320061873622	0.16166086953893385	0.1114712357563825	0.07308645163852606	0.04586005018283034	0.02775135789326704	0.01631786746536252	0.009385426891470679	0.005309021481320938	0.002966121014908182	0.0016420239336383537
0.35682555907624486	0.2877213213496197	0.22052339892834147	0.16007712480691405	0.1100727313106106	0.07198181854094995	0.0450638440118764	0.02721773406436867	0.015979754552772816	0.00918007784597555	0.005188169908434597	0.002896627868806787	0.0016027369299060955
0.3565604154415314	0.2879199031489361	0.22106439750486426	0.16078827646437846	0.11078849431681131	0.07259169616861429	0.04552491233470775	0.027536648911980065	0.01618622442613849	0.00930737402062366	0.005263887655017978	0.002940500641915441	0.0016276763446081456
0.35838871790474064	0.2895585381925062	0.22244476746591704	0.16187308169401687	0.11158259859610081	0.07313563445549222	0.04587668589207558	0.02775378707408544	0.016315516118863723	0.009382314480903764	0.0053064771027036125	0.00296436152130273	0.0016409075115439884
0.3573044010815756	0.28848384133995825	0.22145110400285586	0.16102436548421903	0.11091488671276505	0.07264973533505939	0.04554650488674057	0.027541754111684347	0.016185286007458353	0.009304999269306098	0.00526172703502413	0.002938941057124831	0.0016266644667038603
0.3598469417428813	0.29072016982892984	0.22329810726954274	0.16244729825562024	0.11193675178925405	0.0733374501724108	0.04598438988909468	0.027808489190387396	0.016342384999551342	0.009395262925419945	0.005312672626477891	0.0029673318610576485	0.001642343649203095
0.3535698933825337	0.28537417918908187	0.21903501357183114	0.15928143533699612	0.10974549282516913	0.07191406234305237	0.04510718214074245	0.027289357016154904	0.01604408029108192	0.009227330120172674	0.005219436598435092	0.002916043729552241	0.0016143029149107294
0.3585945878148558	0.28970304557157556	0.22253206697131123	0.16191520082172273	0.11159525780396433	0.07313311649474584	0.04586879758735242	0.02774568570534514	0.016309127537572497	0.009377891088252658	0.005303644021342441	0.0029626368531379585	0.00163989325953682
0.35740933186123214	0.28878399164864904	0.22188110281361567	0.16149841443665558	0.11135520820758657	0.07300875601798233	0.045810799284721676	0.027721471861584718	0.016300321935876976	0.009375372228300993	0.005303358401196057	0.0029629702772863854	0.0016402860966297853
0.35698492293136375	0.2883136606220806	0.22140751800966554	0.16106671001168682	0.11099834009596297	0.0727391468079501	0.0456223502210276	0.02759786902439354	0.016223198085831687	0.009329044984423603	0.005276310015657585	0.0029475062059640513	0.00163158036968574
0.3542057866449117	0.2862492805651139	0.2200345625218246	0.16026892235390858	0.11060722827838093	0.07259011510330766	0.04559257730093323	0.027613947690873036	0.016249483677209967	0.009351987709237076	0.005292768301088852	0.002958200823396369	0.0016381321670594948
0.3565213614245979	0.28791830398313667	0.22109173854362021	0.1608317918299851	0.11083544150224639	0.07263313846897294	0.045556906341730305	0.02755907881190339	0.016200878160666475	0.009316465530591185	0.005269319450436677	0.0029436579354868895	0.0016294751949516813
0.3554227386455898	0.28747794527725684	0.2211892232023579	0.16126928769888044	0.11140397888339901	0.07317597720214945	0.04599411704351925	0.027873592157713647	0.016409825538956157	0.009447580167354233	0.005348274495976017	0.002989807496111769	0.0016558733387982175
0.35724706847305887	0.2885958503454127	0.22168585367221055	0.1613166804723904	0.11120274848604017	0.07289235297647503	0.04572881434993879	0.027667399793511082	0.01626644645261862	0.009354963638079375	0.005291417036943521	0.0029561323912778103	0.001636432153098924
