r0	r1	r2	r3	r4	r5	r6	r7	r8	r9	r10	r11	r12
0.19285200202171185	0.1484490542423988	0.10901569913273944	0.07629499478028037	0.05097158953513489	0.0326396211433958	0.020145174031672746	0.012058145006225122	0.007041481407428398	0.004032967430461409	0.0022755899151012016	0.0012694860543596268	0.0007021758189283874
0.19160482211262986	0.1478246373244319	0.10884285162235013	0.07638924891129928	0.05117876122151775	0.032859118256870205	0.02032831878078449	0.01219200947316406	0.00713124810481424	0.004089669758160459	0.0023099108598314474	0.0012896289587124412	0.0007137352337511812
0.19274079307741657	0.14855591580236052	0.10925347905652041	0.07657876044177198	0.05123838510492552	0.03285627593457864	0.020303741103316682	0.012165569522369109	0.007110151615419112	0.004074990155560032	0.00230047994006688	0.0012838743702775811	0.000710344682048939
0.1923598462143204	0.14795790456648733	0.10856635322319536	0.07591774745161371	0.05067961666432347	0.03242961932649592	0.020003355786653177	0.011967229043844663	0.00698557267027631	0.003999684347519881	0.0022562628765372275	0.0012584723594548687	0.0006959875402967925
0.1926721781717992	0.1483007299241259	0.10889992722701124	0.07620970971651937	0.05091221897123499	0.03260037950986216	0.020120375632836314	0.012043044564892847	0.0070325541805725126	0.004027809470496696	0.0022726614118951665	0.0012678450907584347	0.0007012653037631684
0.1915732144308491	0.1474555723987044	0.10828774179542015	0.07579202196710748	0.05064260210105419	0.03243444812214034	0.020022092606843993	0.011986490723829728	0.007000681713691411	0.004010103226891309	0.002262919670906678	0.001262519525663935	0.0006983661864487016
0.1927353853758556	0.1484463608027921	0.10908618703200094	0.07639791726542292	0.05107571045233188	0.03272731653405416	0.020210718381678636	0.012103133838618087	0.007070487567387259	0.004050821036428486	0.002286207194571764	0.0012756410481790657	0.0007056773288320785
0.19043685258988205	0.1466855179166297	0.107816323289055	0.07553573013577462	0.050522108282920704	0.032388486255060286	0.020011127708504346	0.011988886694097861	0.007006407228888811	0.004015370376667289	0.0022667710954002883	0.0012650462650912336	0.0006999229433676944
0.1907035039833899	0.14698682623384848	0.10811490777951406	0.07580044153077338	0.050735036387212704	0.03254596907038291	0.020119676876571017	0.012059532684975506	0.00705033828145716	0.004041739629286812	0.0022821769838851334	0.0012738650477862972	0.0007048944337751042
0.19439593559541213	0.1497036329898026	0.109980211784593	0.07699513833224533	0.051452360453097444	0.032953528051782595	0.02034146671983374	0.012176629108100115	0.0071110317324918695	0.004072926363817451	0.0022981779076903072	0.0012821005525720534	0.0007091573297848477
0.19042031392596517	0.14655378019833595	0.10762182343610097	0.07532800109388772	0.05033640503084075	0.032241812670911245	0.019905575001065108	0.011918150596462944	0.006961516990409983	0.0039880362577052525	0.0022506373116535374	0.0012557426314157777	0.0006946501459763181
0.19269943458242123	0.14810953385181028	0.10858537918277822	0.07586233357024615	0.05059706626439827	0.03234962701311735	0.01993922654933282	0.011921397516564186	0.0069552697727680276	0.003980722385290787	0.00224485981787582	0.0012518104846499353	0.0006921769651639873
0.19323898705592935	0.14859504212821137	0.10899548292588596	0.07618612464331274	0.05083615306299566	0.03251554228290292	0.020048277581510617	0.011989896968821913	0.006996755893664635	0.004005140422823954	0.002258919873806981	0.0012597728131897392	0.0006966301481386868
0.19059484487142345	0.1467814243895499	0.10786448501463602	0.07555244752696519	0.05052178416062353	0.032381305719797616	0.020002844814330994	0.01198196119259584	0.007001418223343426	0.004012080704523611	0.002264724299277909	0.001263822659464863	0.0006992117934182088
0.19444141925636604	0.14943630544400718	0.10953551141069276	0.07650234906235906	0.051004594118093535	0.03259698869748574	0.020083799046508654	0.012003569295244166	0.007001078041518894	0.0040059348772596565	0.002258625102883404	0.0012592891217276965	0.0006962283102593231
0.1947642608096515	0.14987512735965633	0.11001135281915096	0.07694598584468655	0.051372310280131596	0.03287402799204093	0.020276992058547924	0.012130245200908439	0.007080235515745606	0.004053602181314666	0.002286534851912752	0.0012752893691381363	0.0007052576471556342
0.19391484182196767	0.14930827498140123	0.10967278506206957	0.07676950493347541	0.051295833255676423	0.03285039409922057	0.020276469675267056	0.012137141103399944	0.007087730375409651	0.004059483339871763	0.002290554302271348	0.0012778325406111626	0.0007067907631283584
0.19196600114401272	0.1479368320806138	0.10878566191780734	0.07624488930687467	0.051012784177145186	0.03271111996357167	0.020214133339053135	0.012112069554194704	0.007079028789995744	0.004057238133012055	0.0022905021503709794	0.0012783267351596142	0.0007072846907738062
0.18923941843484796	0.14579850335929795	0.10720182759158055	0.0751376201847352	0.050279690446870036	0.03224845399719215	0.019933485653817078	0.011947058101146444	0.00698426949895518	0.004003758683157865	0.0022606969283837865	0.0012618648180002542	0.0006982509824184558
0.19430869855655766	0.14955279664638324	0.10980126224300732	0.07682035350306067	0.05130337522340603	0.03283920986509124	0.02026074077551809	0.012123227008949956	0.00707744938337978	0.0040526105870534465	0.002286242984719257	0.001275241728058391	0.0007052798114675498
0.19334770645567895	0.1488548418826655	0.10933003073950726	0.07652486394492926	0.05113053480792401	0.03274405107480896	0.020210830877515643	0.012097956251707533	0.007064937095899203	0.004046483103248726	0.0022832475748495633	0.0012737700906166162	0.0007045500002587575
0.19361768606764004	0.14896544706308676	0.10932944370064109	0.07646347483175508	0.05104906525563494	0.032667736520631284	0.020150577257523235	0.01205524694919762	0.007036835923534584	0.00402895291528578	0.002272726882299771	0.0012676321556988077	0.0007010424614711616
0.19185808467086074	0.1476744010089846	0.10844605038183941	0.07589988925468838	0.050712133039462814	0.032477179745042356	0.020047368657329197	0.012001016681174908	0.007008859002399108	0.004014641593720626	0.002265414608824624	0.0012638825557653847	0.0006991078059541192
0.19298927561569781	0.14844818670222354	0.10892661722893625	0.07616741707352709	0.05084343243646911	0.03253210346347251	0.02006502099959179	0.012003228954989124	0.007006121636718092	0.004011224343002513	0.002262668947897076	0.0012619995773625052	0.0006979185230934045
0.19258474852040885	0.14825188740824038	0.10887985435884115	0.07620758930526153	0.05091879914195451	0.03260940672928206	0.02012858753705237	0.012049301145894835	0.007036848715445285	0.0040305612540181964	0.002274342523035333	0.0012688378909423681	0.0007018374893369604
0.19325946371116767	0.1487931234052182	0.10929044856882489	0.07650173831038017	0.05111827557153822	0.032738178612234194	0.02020831559877613	0.01209702381639017	0.007064670040293441	0.004046457853679425	0.0022832898936779606	0.001273818041840145	0.0007045867759032888
0.19048836006737718	0.14644575288758668	0.10741049713807091	0.07508337972720523	0.050109628045668576	0.03205915539718149	0.019772594350683514	0.011828383373341663	0.0069042782492033765	0.003953071618809072	0.00222995435873082	0.0012437974042316191	0.0006878728901293333
0.19356929955454102	0.1487079449745032	0.10896037512071756	0.07607425144079619	0.05070389917115877	0.03239674714343597	0.01995648235042085	0.011925662833949672	0.006954843372338586	0.003979141928116757	0.002243378372408998	0.001250730981098125	0.0006914735172740524
0.1887617635754213	0.1453955596204593	0.10688014693112494	0.07489546159676293	0.050107719645557186	0.03213276840160786	0.019859274629972126	0.011901306609714122	0.0069569517096243465	0.0039878513259740365	0.0022516106169803147	0.0012567498601029712	0.0006954029631478797
0.1903384024827351	0.14670338468329802	0.1079073258752838	0.07565707133755793	0.05064129564838937	0.03248753396635553	0.0200846412788281	0.012039148580098	0.0070387390621565946	0.004035243399409317	0.0022785790746189362	0.0012718877322140283	0.0007038135646068413
0.189394379415798	0.14581290699078286	0.1071250112272493	0.07501907380407394	0.05015760654618701	0.03214468836514187	0.019855489352756637	0.01189331399049316	0.006949521640158412	0.003982327201555778	0.002247932647259352	0.001254456876887494	0.000694033182896334
0.19210778340559484	0.14793808121891502	0.10869668347561866	0.07611602209735284	0.05088266062813153	0.03260156423549799	0.020132238000022736	0.012055839334193965	0.007042761961253408	0.004034908238125078	0.0022772192350944643	0.001270624725026953	0.0007029023384873123
0.1918837950145688	0.1475372398499471	0.1082163996664472	0.07564485906103832	0.05048009366600502	0.0322922164569871	0.019913572738666264	0.011911081851991627	0.006951680323731333	0.003979785193314294	0.0022448258561676535	0.0012520042819317055	0.0006923736972526526
0.19413552416555604	0.14940053233071562	0.10967513282561206	0.07672235051412457	0.051231929998802606	0.03279012530200833	0.020228728281722747	0.012103237467403227	0.007065397103278304	0.004045540723116838	0.0022821823799929687	0.001272946493930162	0.0007039979203370592
0.1935673896023013	0.14883073144914863	0.10915218063195976	0.0762824659972046	0.0508911133012163	0.03254486261587196	0.02006306404178622	0.011997031894257937	0.0070000900545112025	0.004006666360944406	0.0022596107532031275	0.0012600849669430635	0.0006967719294478822
0.19348458420431086	0.14895094197183384	0.10939199743464252	0.07656135409260494	0.051150109477381855	0.03275360440889479	0.020215053732436643	0.01209961871343646	0.007065488887220647	0.004046606210833077	0.002283231562759365	0.001273724368026671	0.0007045092127808102
0.19336188156428197	0.1489259022419618	0.10943160541842885	0.0766320890436026	0.051225808458138705	0.03281901317290224	0.020264633182977988	0.012133941376377754	0.007087740338953121	0.004060352855772686	0.0022914272668550562	0.001278483992462788	0.0007072203297338855
0.1916541719228243	0.14764507986861194	0.10853098512643271	0.07603823839739675	0.05085673586813088	0.03260085631771749	0.020140615719404776	0.01206537152523611	0.007050502378520126	0.004040337763663755	0.002280722669006118	0.0012727680148809355	0.0007041672199284031
0.1932451267306163	0.14869634543029858	0.10914903096378184	0.0763513520688727	0.050984214859974154	0.032632528763282716	0.020132425130232855	0.01204624329398168	0.007032483859532643	0.004026878725166725	0.002271742374456496	0.0012671630681189059	0.000700816806059639
0.193381671837627	0.14882945444531648	0.1092687892270339	0.07645068403418111	0.051060415892261915	0.03268698095755743	0.020169021642279378	0.012069621290095214	0.007046822506308301	0.004035398158569014	0.0022766824243641067	0.0012699752336474046	0.0007023956528924743
0.1941890702222621	0.14930788205480885	0.10949691704352166	0.07651697751230706	0.051042012147954494	0.03263744128765853	0.02011774068914083	0.01202841347323327	0.007017737747563638	0.004016452874471684	0.002264987537090014	0.001263021060070707	0.0006983689059519143
0.19153515634954718	0.14759436913990684	0.10852830145610953	0.07606224242283924	0.050890037293379126	0.03263254157624404	0.02016584464919152	0.012083351344612372	0.007062376709000133	0.004047765080554827	0.0022851888242886604	0.0012753773512187447	0.0007056598923982331
0.19215242430272186	0.14790744054766272	0.10862040843183578	0.07602305527785753	0.050794523720157976	0.03252969412402549	0.020079514585651957	0.012020070576197714	0.007019876683779876	0.004020895356295121	0.0022689161054107983	0.0012658235619543363	0.0007001759825832064
0.19135670820785244	0.14742715956774113	0.10838216345685497	0.07594354589786396	0.05080033456209934	0.032569116950691236	0.020123534955907064	0.012056465548341602	0.007045947806071917	0.004038029471266195	0.0022795542234933445	0.0012721741599693668	0.000703863273335912
0.19052861530503967	0.14661051782823795	0.1076408682575667	0.0753243334629823	0.050322598265662086	0.032226150477661135	0.01989217193213543	0.011908231489493664	0.006954818724460815	0.003983787086200995	0.0022480582736434506	0.0012542262139362329	0.0006937788220177887
0.19179348554511383	0.1478640289942292	0.10878293742489739	0.07628103146109395	0.05106234172830276	0.032758121295156706	0.020251510215540884	0.012138691802119864	0.007096606154408703	0.004068231278214421	0.0022971120988974757	0.0012821884712825968	0.0007094937742060641
0.19454195181325964	0.14972693899186476	0.10992299772217975	0.07690006179497244	0.05135251891622298	0.03286800815761026	0.02027696622664157	0.012132119196458496	0.007082238190005536	0.004055165032344222	0.0022876001103831083	0.0012759623324456446	0.0007056629383083048
0.19351168072870403	0.14918445312370607	0.10973851476341376	0.07693223282956521	0.05148204028043582	0.03301593106987564	0.02040388972877919	0.012226179895336597	0.007145806606337725	0.004095510134825793	0.002312094908294919	0.0012903674835218182	0.0007139410816313981
0.19332568274289455	0.14916566106781318	0.1098289197639586	0.07707309130785067	0.05162767799585262	0.03314001335097081	0.020497305885413937	0.012290619093048079	0.007187500298400776	0.004121238767228472	0.002327423928917205	0.0012992660974657396	0.0007190084868848002
0.19161879400858695	0.14744766214174493	0.10824629929213632	0.07573675560266721	0.05058839864260061	0.03238948764806985	0.019988783826177546	0.011963754334991458	0.006986076189172986	0.004001135783567767	0.002257596129385153	0.0012594371819873882	0.0006966142136496593
0.1917881442316729	0.1477663918754131	0.10863410952362228	0.07612016767644918	0.05091758783748488	0.03264330778791531	0.020168644622907864	0.012083044033237764	0.007061238070161277	0.0040466716862635095	0.002284376497707247	0.0012748401123985524	0.0007053273325164206
0.19307307323178974	0.14875296758307702	0.10934736832063013	0.07660572974103004	0.0512302181389389	0.03283517441694093	0.02028196052937577	0.012148062922596016	0.0070977844366877756	0.004066926853162026	0.0022954983735176595	0.0012809101647888003	0.0007086273758969383
0.1910736921709851	0.1470163017679858	0.10792371686597756	0.07550898564589108	0.05043609213018448	0.03229243985793518	0.01992939131775692	0.011928556601841472	0.006965726035409855	0.0039895858011603	0.00225112965655846	0.0012558527327877554	0.0006946416735999399
0.19106611289342043	0.14725914383890443	0.10830673137811758	0.07592720286908762	0.05081401101287662	0.03259277050117644	0.020146349845158562	0.012074315333664784	0.007058383404365411	0.00404607184641727	0.0022844975897771693	0.0012751057782919766	0.0007055578323523624
0.1912785688754066	0.1473995590774739	0.10838927744500611	0.07596897125710934	0.050830929117433366	0.03259686100778048	0.020145116976545474	0.012071644103283655	0.007055890239306776	0.004044215160295532	0.002283260306984411	0.0012743339945867989	0.0007050966242149687
0.19253026768317402	0.14809632486024896	0.10867271857433919	0.0759949220563054	0.05073258837344883	0.0324641941580276	0.02002497073987462	0.011980273762049885	0.006993229066222803	0.004004082884899521	0.0022587491764058747	0.001259860824745803	0.0006967559773302597
0.1937333476295031	0.1491393636522792	0.10952604410769783	0.07665095311830085	0.05120666006588625	0.03278759929389506	0.020234722974596	0.012110687224964944	0.007071601568347953	0.004049942336039406	0.002285039809516817	0.0012747008645627046	0.000705035624394788
0.1924016743548392	0.14827532963534867	0.10903372513524437	0.07641630591456168	0.051124907728124565	0.03278103740222804	0.020256065310018678	0.012136472295371627	0.007092917943099916	0.004065018438175303	0.0022948119893604164	0.0012806956510994425	0.0007085797737972414
0.19455645863296617	0.1499324441314697	0.110233792670424	0.07723469720969213	0.051652751866476616	0.033105534638788736	0.020448018781966223	0.012246772339978347	0.007154995604394226	0.004099461323656767	0.0023137411997760566	0.0012910342561282392	0.0007142036775146189
0.19372465669880207	0.14922105462167118	0.10965882532956044	0.07679726010162947	0.05133938178019279	0.03289326082688279	0.02031111275981455	0.012162022756547524	0.007104236511748409	0.004069836082533125	0.002296790425540149	0.0012814801648403339	0.0007088790103787505
0.19389821244971828	0.14908934478506095	0.10934293606046322	0.0764151843613501	0.05097853908040835	0.03259976742186567	0.020096219643275823	0.012016450839563096	0.00701120572696034	0.004012923512939785	0.0022630909118813115	0.0012620041018569829	0.0006978238232894695
0.1915955560511402	0.14775392407244906	0.10873839364419374	0.07627743046780695	0.05107853598815673	0.032779756816587534	0.02027107851722048	0.012153577660190993	0.007106821583106927	0.00407477843917676	0.0023011132708984487	0.0012845522353210378	0.0007108565075095948
0.193640986071753	0.14922643423383605	0.10972090489065159	0.07688374065068242	0.051425582872212404	0.03296537484522603	0.020364817268199786	0.012198807024745658	0.007127921670281432	0.004084402094438466	0.0023054476511553436	0.0012864969072089363	0.000711732193762332
0.19281825817574302	0.14841378781086006	0.10898240725895875	0.07626642466624596	0.050949128364122985	0.03262328192114859	0.020134048479985366	0.01205096958123129	0.007037049350407666	0.0040303204165669775	0.0022740491703586853	0.001268606512223506	0.0007016809954775547
0.1929501985607625	0.14865697364891295	0.1092765953308789	0.0765565098506066	0.051197811117017704	0.03281483485167865	0.02026968722834824	0.012140880566769593	0.0070936766475368125	0.0040646163753605075	0.002294214221952164	0.001280202443383633	0.0007082396577017204
0.19423858656102078	0.14959405708678994	0.1099103960080018	0.07695475503078723	0.051431285708993114	0.032943689933931646	0.020337444301598995	0.012175279866058528	0.007110755965520864	0.0040730040489154245	0.0022983260756622177	0.0012822280987204585	0.0007092467800668567
0.1933626574508576	0.1489600941187399	0.10948437978500654	0.07668931816191112	0.05127734889813242	0.03285988837828796	0.020294119910165876	0.012153730976105614	0.007100310617201753	0.004068011454322362	0.0022959493885335762	0.00128109233534552	0.0007086988386723179
0.19239073379752764	0.14826162539507395	0.10901938192523197	0.07640316741533774	0.051114116482323536	0.03277294469637241	0.02025043425651672	0.012132783411278656	0.007090613442047797	0.004063630658285118	0.0022939993024176358	0.0012802296630283101	0.000708316758810647
0.19117393397270857	0.14731960759464977	0.10833178905217442	0.07593006869544952	0.05080604131139908	0.03258168731472174	0.020136213707840394	0.012066567020013987	0.0070530524297816016	0.004042650029648733	0.002282404444211897	0.0012738684549493155	0.0007048442075801305
0.18979001520113767	0.14621882104738565	0.10750380358477847	0.0753418242140011	0.05041025234966111	0.03232801615364537	0.019980149731041102	0.01197365868733928	0.006999133161112139	0.004011954248580839	0.0022651775375706713	0.0012643015717044607	0.000699572005957093
0.19232241763585348	0.1483269567327879	0.10916522910527968	0.07657757231439555	0.05127839341567512	0.032906572828356365	0.02034838015500838	0.012199221932985099	0.007133127037491119	0.004089667905487897	0.002309430842821229	0.0012891545548232297	0.000713385648752594
0.19193576804465118	0.14742031120924654	0.10800186872862075	0.07540085298264466	0.05025589489540133	0.03211266506623232	0.019783383365988675	0.011823463336852134	0.006895938214084454	0.003945792924470959	0.0022247439087490746	0.0012404173039289887	0.0006858044077169038
0.19306515298451665	0.14855067283414375	0.10903749442862733	0.07627071418813748	0.050929054207277086	0.03259663710066303	0.020110048226178644	0.012032770022501459	0.007024591004412857	0.0040223512763855355	0.0022691862809355898	0.0012657369524135705	0.0007000280911528972
0.1944715773294287	0.14946942346994083	0.10956771106151363	0.07653048897187138	0.05102696964316325	0.032613381806426624	0.020095011291938365	0.012010821095240272	0.007005565366855431	0.004008618037715236	0.002260188092581998	0.001260181824292513	0.0006967307149408866
0.19368479625301735	0.14915574810918772	0.10958264811922393	0.07672342276753764	0.05127669084814112	0.032845260108601504	0.020277257166910694	0.0121396413214571	0.007090166984268037	0.004061326440159038	0.0022917918490526264	0.0012786077492016857	0.0007072552024007093
0.1946028803441968	0.14991544380568586	0.11017749071322246	0.07716292488391222	0.05158346298087067	0.033048489521846657	0.020405930285016943	0.01221811380555772	0.007136614864530239	0.0040881879242549305	0.0023070536073807536	0.0012871641145012133	0.0007120047360651611
0.19085517126965745	0.14694624289942027	0.10795443525117808	0.07559153786301763	0.050531688271538824	0.03237778165171097	0.01999520873967277	0.011974595713712463	0.006995773513115211	0.004008232484349411	0.0022622814653720917	0.001262343366160652	0.0006983445990393015
0.1914994901418885	0.14777857404565242	0.10883876542706102	0.0764087923319322	0.05120684854245222	0.03288617365840379	0.02035000780205603	0.012207534828094283	0.0071415330416240465	0.004096117175649685	0.002313794048763604	0.0012919003848693843	0.0007150357347352535
0.19216085897915047	0.14797245793952846	0.10871621945691436	0.07612528824787969	0.0508858468517384	0.032601771816193156	0.020131350163040983	0.012054787473137889	0.007041897375932066	0.0040342983732208	0.002276824504919614	0.0012703827918438928	0.0007027593886322583
0.1925946857843038	0.14851901264454906	0.10928983498996991	0.07665152919583153	0.05131847004381968	0.03292639815475901	0.020357316497000788	0.012202854645283413	0.007134413095092055	0.0040900183782257085	0.0023094570068465216	0.0012890951216299725	0.0007133215349024153
0.19412323425937367	0.14942813003515013	0.10972593608806669	0.07678029298995227	0.05128529863476683	0.032832955136064705	0.020259836730929345	0.012124202348132813	0.007078748937851541	0.004053689439709957	0.0022869994121778566	0.0012757271130418753	0.0007055749375843312
0.19164036286142974	0.14734221351931184	0.10806865027635741	0.07553915613616845	0.05040850232439467	0.03224605157298396	0.019885015955253264	0.011894000814535385	0.006941727820906429	0.003974100808552175	0.0022416273619115814	0.0012502243711937605	0.0006913912553921488
0.1920811805027019	0.1478205689503442	0.10853080716900065	0.07594175666692246	0.050728201909286764	0.0324802097342248	0.020045215644929584	0.01199766782740234	0.007005912772269192	0.004012500488609372	0.002264006307206414	0.001263010997658471	0.0006985896240102869
0.19453456095665386	0.14983376066484594	0.1100940398350614	0.07708760122848585	0.051522205565283974	0.033002873242193004	0.020374353718864507	0.012197507967965088	0.007123779379022761	0.004080475133188106	0.002302544317396385	0.0012845816553924531	0.0007105484450875931
0.19232844081310738	0.1482102017831403	0.1089791983322217	0.07637352537571872	0.05109345159792359	0.03275926684667469	0.020241779691592316	0.012127507680891844	0.0070874917055118985	0.0040618257080272425	0.002292973952291317	0.0012796548739697033	0.000707997726101363
0.18954437926300888	0.14603041652764678	0.10736770085807718	0.07524922042786443	0.05035065002387093	0.03229144533559108	0.019958554477515968	0.011961269257739772	0.006992170029794659	0.0040080954921052	0.0022630589602656652	0.001263145410289185	0.000698943497157311
0.19110493546188168	0.14724725663148783	0.10826327999242559	0.07587110156398043	0.050759550473958415	0.03254777872596283	0.02011307118793934	0.012051611761904559	0.0070438000447753096	0.004037116987894639	0.00227918059460078	0.001272026683366017	0.0007038074346852443
0.19034835930322488	0.14666479514786604	0.10784077106719098	0.07558234241478416	0.050572827232149224	0.03243266807225182	0.02004478685319822	0.012012269772475397	0.0070216050828827495	0.004024777069091003	0.002272387186398658	0.00126831118902655	0.0007017841092652535
0.19472264523615185	0.1496600524381499	0.10970370526389278	0.07662168869930724	0.051084754502053485	0.03264827382332363	0.02011529802764948	0.012022294362904645	0.00701193242490601	0.004012108548329172	0.0022620874476963044	0.001261210917944054	0.000697286981188682
0.19452560719152598	0.149985397134802	0.11033622997206603	0.07735325205008509	0.051762819016444694	0.033194339101416094	0.020512771308166717	0.01229053853844831	0.007182930345767328	0.004116538419253044	0.002323848730157579	0.0012968742261195015	0.0007175180830815415
0.19012650874480438	0.1465781385781934	0.10784807697635022	0.0756405655497461	0.050647165251301	0.03250155686324539	0.020098972884039938	0.012050631267412851	0.0070468406590665725	0.004040522918723698	0.00228184019179689	0.0012738281160254075	0.000704937731687591
0.19255011535356972	0.1484339545014889	0.10918576388848476	0.07654824136101504	0.05122951400810988	0.03285763238204174	0.020308485164435244	0.012170413183438878	0.007113945196780525	0.004077605397778453	0.0023021510207765867	0.001284890545714063	0.0007109420412342594
0.19092679182866334	0.1468021831255571	0.10768468077065192	0.07528255341212958	0.05024650763189999	0.03214860559748772	0.019828578350137478	0.011862203540984828	0.006924145200169515	0.003964492905305602	0.002236413870420329	0.0012474062512471708	0.0006898708459798427
0.193664356732808	0.1490984087208537	0.10950645979443609	0.07664521965816383	0.05120819919841509	0.03279182770543708	0.020239115707724516	0.012114223833913376	0.007074100913093699	0.004051571848110429	0.002286046375385392	0.0012752996970106937	0.0007053824985643856
0.19036790099861653	0.14647124028575473	0.1075269346151735	0.07523672482787482	0.0502592620094513	0.03218291878646416	0.01986411560459562	0.011890776998474387	0.0069443237361433196	0.003977643171109443	0.0022445347351180535	0.0012522367263782489	0.000692668580226755
0.19074167496226668	0.14694012714680707	0.10801761643476457	0.07568587790411314	0.05062785414731051	0.032459108035805546	0.02005615469743738	0.01201650752296876	0.007022833595529771	0.0040249056933892215	0.0022722045642793354	0.001268099314185169	0.000701620532274184
0.19376183957014434	0.14919682425748093	0.10959725387173969	0.07672191693740071	0.05126783306194955	0.032834867093778336	0.020268255629222284	0.01213294028084981	0.007085626814894724	0.004058440480035085	0.002290037951148698	0.001277575614343873	0.0007066617999172038
0.19003465096339345	0.1464841025097397	0.10776039878694621	0.07556586189396347	0.05058866358478821	0.032459079896302964	0.020070069996992713	0.01203199164046688	0.00703532491574233	0.004033642968866926	0.0022778342410469175	0.0012715406106375698	0.0007036504761747527
0.19094349238479286	0.146915012909982	0.10784937433306936	0.07545751849587204	0.05040235504195941	0.03227135220094004	0.019916713000883282	0.011921160467521476	0.006961507011051444	0.003987217776002665	0.0022498157288498963	0.0012551295483268828	0.0006942458824383439
0.19347601813518658	0.14891617999485127	0.10934337992092323	0.07651046554071378	0.05110510083365299	0.032718294474699434	0.020189761537552704	0.012082726437241348	0.007054795617335208	0.0040401071343058835	0.0022794008788055518	0.001271517682309712	0.000703259550596543
0.1915067589984395	0.14764254362234	0.10862167503223075	0.07617037955090267	0.05099049821490568	0.03271365430680496	0.020225032844922452	0.012123384938269753	0.0070879450893050954	0.004063403862840286	0.0022944490470574526	0.001280729589443295	0.0007086982975817018
0.19251413907050283	0.14800895083409457	0.10854725342212147	0.0758624582726911	0.05061500748358806	0.032371802233286257	0.019958744686439496	0.011936029912479752	0.006965219061334971	0.003987059131965972	0.002248715345989122	0.001254081009959878	0.0006934829490061985
0.19216514401797666	0.14789526836763486	0.10859333427723059	0.07599078082110095	0.050764214288614516	0.03250510707474471	0.02006153611191152	0.012007899903356893	0.007012101380817695	0.004016139497727567	0.002266100228353836	0.0012641962153733136	0.0006992522569107001
0.19118998142990576	0.14702353419031175	0.10786074372901631	0.07541455422682093	0.05033985998239271	0.03221115587969072	0.01986856132818194	0.011886778561822325	0.0069387821621376255	0.003972999171335948	0.0022412651208814924	0.001250133908695482	0.0006913882363672381
0.19290653506589978	0.1485216391669651	0.10909377464611002	0.07636754841789647	0.05103166536634256	0.03268488635934775	0.020176758161586567	0.012078870236618695	0.007054441946686701	0.0040407772470478255	0.0022801651884999585	0.001272110156936126	0.0007036571790767621
0.19329297365301662	0.1488600425911115	0.10937318619591833	0.07658412113986593	0.05118927256809321	0.03279303614271739	0.020247236125948653	0.012122855831051733	0.00708095320303342	0.004056325333306511	0.0022890940099778625	0.0012771566406088169	0.0007064754644367971
0.19260458346495207	0.14839687233464308	0.10909296025433785	0.07643485368286632	0.05112180238368886	0.03276964882632169	0.020243846897278796	0.012126508660516445	0.007085827750962739	0.004060375984716938	0.0022919361461666604	0.001278981383919133	0.0007075854115218175
0.19072821961336253	0.146970738456411	0.10807395678469355	0.07575024765805581	0.05068728082655948	0.032506918246649	0.02009096326978865	0.012040015842021473	0.007037832167232412	0.004034072827101988	0.002277629910060851	0.0012712339013451718	0.0007033995258609295
0.192408205304322	0.14819616271313435	0.1089061519733955	0.07627599911218645	0.05099765422844481	0.03267968715867153	0.020182746206401894	0.012087167730271157	0.007061555161119154	0.004045890347915121	0.002283508898907098	0.0012741723911268636	0.000704880601394175
0.1930600756879983	0.1485219376056336	0.10899605705112846	0.07622687716432286	0.05089009031955596	0.03256598991231288	0.02008806382394873	0.01201807431740003	0.007015283315300974	0.00401669242928517	0.002265850119392586	0.0012638148597395027	0.0006989394881876985
0.19366289127082623	0.14899060985158075	0.10933968921949601	0.07646444053199368	0.05104556037635649	0.03266300023026958	0.020146290393356022	0.012051989753504492	0.007034604123751673	0.004027524611540806	0.0022718550740826004	0.0012671176279128477	0.0007007460597027786
0.1951028347451498	0.15016763162706626	0.11024985595228835	0.07712877969878347	0.05150403815181331	0.03296367465760053	0.020335016504299062	0.01216626177257561	0.007101850916612438	0.00406623710761196	0.002293772421427234	0.0012793721684373862	0.0007075344827586622
0.19407274456354132	0.14937507272897957	0.10967567736593611	0.07673706907038085	0.05125127149589382	0.03280818252169808	0.02024296106135982	0.012113315672273924	0.007072023693267735	0.0040496726009591625	0.0022846612824217257	0.0012743923734920832	0.0007048240262759928
0.19166101475155664	0.14769093636651312	0.10859806838845606	0.07610970515157525	0.0509205753590684	0.03265127028783731	0.020176898087923924	0.012089689366956336	0.007065937010150858	0.00404973721383519	0.002286271182472485	0.0012759678424931597	0.0007059808163531254
0.1917005915180106	0.1475463063260598	0.10834746097935821	0.07582823139040719	0.05066286106660736	0.03244496608566347	0.020027199845231342	0.011988829287902042	0.0070016983613540975	0.004010524452197553	0.0022630858634843302	0.0012625814297854646	0.000698387434593752
0.19325546276489047	0.14900123119603303	0.10961738078590787	0.07685841382169975	0.0514405033362337	0.03299422481020918	0.02039326725441723	0.012221268047549824	0.007143643322759893	0.004094597373195931	0.002311724979958504	0.0012902237432998104	0.0007138880170762067
0.1941212551316414	0.14938780985452188	0.10966446597324407	0.07671397784506924	0.05122577542050832	0.03278586885853943	0.020225937812404535	0.012101488012366246	0.007064339071596315	0.00404491864396059	0.00228182446508799	0.0012727439219846642	0.0007038846745140057
0.19372212945098916	0.14923802795855454	0.10968689399798665	0.07682836463523901	0.05136768317146195	0.032915835403983434	0.020327455436771242	0.012173016141137374	0.007111230265778528	0.0040741016529210455	0.002299310968483946	0.0012829347745878022	0.0007097038517555222
0.1920917698178512	0.14784664102405531	0.10856459777632652	0.07597607690231914	0.050758088397558965	0.03250344388409331	0.020061763479497917	0.012008678745968981	0.007012865503787673	0.004016718878472858	0.002266489712051914	0.0012644403564394306	0.0006993985876549701
0.19116675529043847	0.14729172383959663	0.10829292911361241	0.07588938864827698	0.0507700149775023	0.032553375699900494	0.02011589859261222	0.012052976872042483	0.0070444375198144464	0.004037408137152321	0.0022793119579587635	0.001272085750148331	0.0007038341010547552
0.19122155029954585	0.14724862595871127	0.1081906663868909	0.07576575590629411	0.05065311934263417	0.03245814322719744	0.020046051880439446	0.012005587411568815	0.007014111362661011	0.00401883515698705	0.0022683046318620684	0.0012657198580742152	0.0007002187191467734
0.19403344537353814	0.14926470332042338	0.1095291373140042	0.07658681808066521	0.05111983579347685	0.032705764553691404	0.020169929148710356	0.012064690907940856	0.007041311298210698	0.004031036403486119	0.0022736895651471996	0.0012680774490191784	0.0007012500722788717
0.1917414165737915	0.1475215486499061	0.10828286254639784	0.07574890024586144	0.050587458201134944	0.03238341659296322	0.019982028946344956	0.011958179894186393	0.0069820879625921	0.0039985170405952754	0.002255971292266418	0.001258467681897205	0.000696051504766537
0.19266397706562188	0.1484874449901048	0.10919603895746227	0.07653361844530056	0.05120514701734406	0.032833246925583155	0.02028861680504069	0.012156072402473085	0.007104400205908822	0.004071604839673781	0.0022985304919276623	0.0012827702800396218	0.0007097271328329003
0.19433603511037476	0.14964621743866144	0.10992918046097151	0.07695318102575882	0.05142037646390902	0.03293077680937204	0.020326226382733438	0.012166916868847145	0.00710508525672046	0.004069397736098502	0.002296133729713082	0.0012809376882928873	0.0007085047878509379
0.193202460272638	0.1488301877024439	0.10938470490019057	0.07661709549509355	0.051227836576036	0.03282760689654696	0.02027395829377548	0.012141573639730154	0.007093180173041494	0.004063917499211897	0.002293636361589443	0.0012798011213516294	0.00070798443424557
0.19092640036325623	0.14730897351937594	0.10847437179996815	0.07614170119368058	0.05102168777366781	0.03276420257891037	0.020273137522133673	0.012160826576360306	0.00711396601413186	0.00408021035688654	0.0023047718232436106	0.001286848736293379	0.0007122343764048148
0.19290343970477897	0.1487282856008937	0.1094178424015007	0.07672091103508862	0.05135083418395827	0.03293848384933181	0.020359939801689576	0.012201928237844153	0.007132663862089253	0.004088460423067107	0.002308331612269228	0.0012883612862421277	0.0007128709837541338
0.19113687726225403	0.14723345938929264	0.10822129438640671	0.07581818672128611	0.05070867060016862	0.03250595788320038	0.020082233941846037	0.012030616889473385	0.007030333269635324	0.004028855991331045	0.002274279075981428	0.001269189651789361	0.0007021952465880964
0.19515738847116254	0.1501143887802737	0.11013217598318485	0.07698878748150617	0.05137278589324801	0.032857365730107585	0.0202573911972778	0.012113778090932134	0.007068356727979875	0.004045767607295147	0.0022816610093647407	0.0012723764928955668	0.0007035651722441876
0.19150818081453752	0.14733507613480298	0.10814188429045812	0.07564824360020411	0.050519413947521685	0.0323396155276127	0.019954976503097365	0.011942020403130362	0.006972683017625616	0.0039931503335615005	0.002252953764170929	0.0012567894399763658	0.0006951255901366979
0.19177224679982044	0.14737714918802824	0.10803889535752963	0.07547741790460114	0.05034032416233201	0.03218642434245464	0.019839561048457386	0.01186244040009134	0.006921233696931512	0.003961427815698253	0.002234067440489419	0.0012458324025247582	0.0006888889794233854
0.1936384644823342	0.14877451994758764	0.10901965573816193	0.076123000357529	0.05074103021499492	0.03242312528960437	0.019974126898755714	0.011936891968204924	0.0069617105035985885	0.003983212926322588	0.002245734938121698	0.0012520707518208054	0.0006922249874835786
0.1944043538494925	0.14953806907865275	0.10971721811482421	0.07670762614271545	0.05119266252160709	0.03274736640579137	0.020192724694307166	0.01207682485337774	0.00704765794006994	0.004034328556593946	0.0022753944202098496	0.0012689625332871365	0.0007017117410177382
0.19302010804589098	0.14865803353027404	0.10923341597811359	0.07649373810121311	0.051134366276637394	0.03276140482127357	0.02022974765355392	0.0121134608564783	0.007075994364408444	0.00405373076581919	0.0022877397465348335	0.0012764486536519404	0.000706103973460357
0.19238907466333743	0.14824811899187157	0.10899938968594393	0.07638177859850073	0.05109496986415805	0.032757806232145734	0.020239531142714977	0.01212547225570307	0.007085971587559847	0.004060803261081674	0.0022923300532703026	0.001279266915743525	0.0007077710575225135
0.19272459948655368	0.1485561725860527	0.1092642839602958	0.07659419923146431	0.05125391512290743	0.032869331994503335	0.020313494742241502	0.012172264723208332	0.007114469380147041	0.004077648568090613	0.002302061291746974	0.0012847913156220695	0.0007108664197909575
0.19454928194449933	0.14970820283356684	0.10988916222927135	0.07686167395915192	0.051317250598211635	0.03283974737832528	0.020256460689061888	0.01211830999843255	0.007073448256631344	0.004049802586367212	0.0022844310786687334	0.0012741334127529694	0.0007046258397239986
0.19097111611528123	0.14702799488071103	0.10800749164329666	0.07562307979635666	0.050548847049384026	0.03238633401847589	0.019999116842717653	0.011976224794498554	0.006996380185243215	0.0040084209961379355	0.0022623173103353466	0.0012623329757429549	0.0006983260405694561
0.19058220584866892	0.1468192412881848	0.10793149579725934	0.07562820613127519	0.050591376403973855	0.03243713103288876	0.020043411924744077	0.012009323078200237	0.007018859443741147	0.004022733792586312	0.0022710260775971602	0.0012674623628768824	0.0007012769382132016
0.19186219164353255	0.1476972339660958	0.10847895553881184	0.0759347177035657	0.050743117106228294	0.032501574651777415	0.02006488505159519	0.012012735892958001	0.0070162869734126995	0.00401916033335858	0.002268079890805501	0.0012654186958528288	0.0006999780651919597
0.19116093361294625	0.14741291978719737	0.10848570583804998	0.07610070808780699	0.050961500249525615	0.032705881980982704	0.020226264540137907	0.012127229307295432	0.007091692018062347	0.004066240624818434	0.002296355475812575	0.001281924685637956	0.0007094147252484659
0.18966210168277603	0.14627301626644687	0.10767048637526487	0.07555242682006344	0.05061312112923763	0.03249502366831267	0.02010346205341613	0.012057709771149635	0.007053097238168476	0.004045082839151911	0.0022848455002712903	0.0012756907377834586	0.0007060463380512928
0.19371548012113932	0.14914420115161967	0.10954501322940664	0.07667559244857886	0.051230596304943025	0.032807358447381835	0.02024931956599487	0.01212063213008778	0.007077981775396079	0.004053856027012428	0.0022873616330043238	0.0012760445523111834	0.0007057990904759855
0.19209404074683867	0.1479776050698962	0.10876705899334875	0.07619567215708191	0.05095584407432399	0.032660263077932176	0.020174881725058862	0.012084592843856578	0.007061084689842076	0.004046096766033509	0.002283836280035296	0.0012744458348211472	0.000705070109503603
0.19273878074394163	0.14828195513988718	0.10882815237527811	0.0761167959407482	0.0508221017099245	0.03252606315967071	0.020065513848209978	0.012005684322697545	0.007008593741349275	0.004013115472543373	0.002263945633049566	0.0012628017264561125	0.0006983999912370972
0.18986797512459896	0.14624723289596706	0.10749809989069174	0.07531799832206723	0.05038113255386114	0.032301456973488116	0.019959428336601512	0.011959059581987482	0.006989559206471254	0.004005993067529613	0.002261603956055347	0.0012622181150344135	0.0006983819213005243
0.19288066596303827	0.1485441314242476	0.10914536810745479	0.07642947301847225	0.0510900062148521	0.0327323031728626	0.02021147417319271	0.012102392267533398	0.007069478562968127	0.004049978729119522	0.0022856150371452287	0.0012752604713925381	0.0007054456915509805
0.19232377480063026	0.14805750226858563	0.10874431545605766	0.07611909821383363	0.05086441898885987	0.03257765759209105	0.020110772133372992	0.012039579378903466	0.0070316356506607966	0.004027791925959701	0.002272876745886517	0.0012680621424869072	0.000701426180978246
0.19037743917362196	0.1466128929101167	0.10774126715255282	0.07546749818908194	0.05046634098071346	0.032346802437712256	0.019982188931127062	0.011969958728877848	0.006994595608414075	0.004008262859915339	0.0022626111943530795	0.0012626619421752074	0.0006985775502082319
0.19283629024371643	0.14854790972985837	0.10917970187683534	0.07647684089262696	0.05113705547638713	0.03277159212220582	0.020240701536754897	0.01212239726376079	0.007082353675097994	0.004057894217974678	0.002290318527580306	0.001277985657397523	0.0007069954226033468
0.1915999663623646	0.14772323967710413	0.10868766797317574	0.07622113834672811	0.05102721777954082	0.032738738790667674	0.020241325878842965	0.012133529085751344	0.007094048569626901	0.004066978846538226	0.0022965001687359427	0.0012818880866553952	0.000709344961544332
0.19289020942634766	0.1482150876680107	0.10862775856283523	0.07586562818761815	0.05058170475789663	0.03232928321535468	0.019920938801769168	0.011907553272683297	0.006945805819193927	0.003974675194012994	0.002241172816040352	0.0012496361950725746	0.0006909251478209598
0.19253782086980034	0.14855476146778712	0.10938228127837775	0.07676528759776537	0.051426948454269504	0.033015243996004605	0.02042271946977932	0.01224734747595309	0.007162941365490042	0.00410751551197815	0.0023198377971880703	0.0012951033959859334	0.000716735796016307
0.1905394863388519	0.14657846015529558	0.1075840804174769	0.07526023437016226	0.05026382338764477	0.032179085771453335	0.01985802503615542	0.011885230824168966	0.006940173497510592	0.003974849537819292	0.0022427748663091107	0.0012511762553807117	0.0006920489662690074
0.19525824600519842	0.15016385853313627	0.11014466862603232	0.07697971292427554	0.05135488957267312	0.032838843596946485	0.020242115109905083	0.012102694334557866	0.007060962192322092	0.004041114039412065	0.002278851944222934	0.0012707311674674837	0.0007026223700800815
0.1940551500419244	0.14925490512658723	0.10950004810452806	0.07655038801825746	0.05108496867858188	0.03267721969593449	0.020148953966390878	0.01205045212908522	0.00703219995272614	0.004025457853114358	0.002270384566443304	0.0012661666875247786	0.0007001651977400593
0.19240916738197184	0.1481636301079123	0.10885486656844912	0.07622001148171037	0.05094707255140857	0.03263950055020606	0.020153723508187244	0.012067674731883842	0.007049166662601338	0.00403833959871794	0.0022790492097684873	0.0012715995310939397	0.0007034219854360927
0.19164456442299663	0.1476051557263616	0.10847494305646684	0.07597943921402546	0.05080462296217704	0.03255989589612823	0.020111226952146274	0.012045715046758285	0.00703804454207861	0.00403275902860663	0.0022762522790845878	0.0012701913410909052	0.000702707391458778
0.19310112608737026	0.14844581213916425	0.10885158915302574	0.07606099266727501	0.05073694690310214	0.032442986192883806	0.019998701509594864	0.011957850336754191	0.006976931891599361	0.003993288745385659	0.0022520166338125492	0.0012558301856227584	0.0006944113161157576
0.19171406876157243	0.14769235670714279	0.1085662439876109	0.07606306398156915	0.05087328909123062	0.032611374402307644	0.020147035791771396	0.012069167203353333	0.007052692374795851	0.0040415785640779195	0.002281416370191041	0.00127315210887435	0.0007043784027196094
0.19345356935431307	0.14921743903543896	0.1098273980649883	0.07704231214286564	0.051587233176906215	0.03310215079878826	0.0204673717352655	0.012269363936932702	0.007173491908092762	0.004112487567835405	0.00232216587303089	0.0012961956949068356	0.0007172526787717321
0.19381611658126466	0.14910649404633897	0.10942198570162368	0.07651934128958547	0.05108014047832373	0.03268374594767826	0.020158271030800645	0.012058720123244656	0.007038315497818997	0.004029547628356255	0.0022729504583374814	0.0012677086717139195	0.0007010644729745286
0.1926971624927528	0.14827618687186583	0.10884577237571706	0.07614527491560058	0.05085176750711883	0.03255137507981392	0.020084561762744094	0.012018810235950776	0.007017077060428973	0.004018345144048723	0.0022670588316834072	0.001264607748781441	0.0006994279120182477
0.1941517963884641	0.14953201093987345	0.10986938465957082	0.076929759863905	0.05141720941581266	0.032936318974506225	0.020333823428500535	0.012173595040122378	0.007110006670983132	0.0040726832106478695	0.0022981931350661853	0.001282174667366272	0.0007092259699207145
0.1915989504487718	0.14759940582853498	0.10849522543418172	0.07601181067542577	0.0508382801189584	0.032588621903780826	0.020132864229546663	0.012060641074007545	0.0070477007758466895	0.004038716753279983	0.0022798012972871733	0.001272251292346192	0.0007038803231131177
0.19192044500715294	0.14783669604340416	0.10865881578793413	0.07611713930844506	0.05090193344288994	0.03262506805889471	0.020152874115937698	0.01207130850216735	0.007053286401388643	0.004041616172308824	0.0022813033758403898	0.001273031255573078	0.0007042871855558962
0.1915989504487718	0.14759940582853498	0.10849522543418172	0.07601181067542577	0.0508382801189584	0.032588621903780826	0.020132864229546663	0.012060641074007545	0.0070477007758466895	0.004038716753279983	0.0022798012972871733	0.001272251292346192	0.0007038803231131177
0.19229779275148864	0.14788212798287542	0.10848819144009378	0.07584686989575513	0.05062184660141804	0.03238655666817177	0.019973535042624654	0.01194776687195987	0.00697344976704505	0.003992400185114116	0.0022520044804967584	0.0012560337419872671	0.000694612437127156
0.1930064846504006	0.14830833164186555	0.10869845241849607	0.07591623226134274	0.050615991896024524	0.032351399109292696	0.019934622115839497	0.01191573914040644	0.006950576027165827	0.003977399981252566	0.0022427061273864765	0.001250489514163164	0.0006913961712379316
0.19059305368728474	0.1466617599734128	0.10767939436765417	0.07535168937257768	0.050340993717151124	0.032237934584075284	0.01989941879817969	0.011912544404739283	0.006957321199617151	0.003985211529944705	0.0022488576230967564	0.0012546701056613979	0.0006940234380115598
0.19226705843941386	0.1482579381394752	0.1090931107358967	0.07651153442955672	0.05122413946514034	0.03286586465225806	0.020320037619716184	0.012180644146751395	0.007121515382182237	0.004082672413911946	0.002305332910116818	0.0012868042274562013	0.0007120588048997147
0.1926494587605937	0.14843677462532945	0.10912635954499209	0.0764610500736	0.05114105785103222	0.032782970887234426	0.02025258595664116	0.012131991155080842	0.00708914551902084	0.004062327757520648	0.002293059607823988	0.0012796174658151935	0.000707941105711776
0.1920719629004065	0.14788505764126023	0.10863706171724564	0.07605928192236704	0.05083499213407296	0.03256530427054948	0.020106771780320203	0.012039051637222997	0.00703222913735198	0.00402854618787807	0.0022734856496012387	0.0012684806520216303	0.0007016908433054986
0.19509502663196743	0.14992836730296932	0.10988301255247125	0.07673268845809203	0.05114866549891015	0.032682796719539164	0.020132998507077397	0.012031020812582387	0.007016122583515866	0.0040140912265343165	0.0022630212910892153	0.0012616523029019974	0.0006974975965908959
0.1906171655110824	0.14656996487520096	0.10752133173648103	0.07517473500295882	0.05017937972182303	0.0321088243345438	0.01980589013931842	0.011849612951669248	0.006917281487029732	0.0039607900147225275	0.002234426741800163	0.001246342036656428	0.0006893010013624668
0.19408677451022716	0.14929048774353493	0.10953516337060017	0.07658138627704668	0.05110979523300412	0.03269550567048462	0.020161510950999714	0.012058598164110364	0.0070372520487702005	0.004028483845414336	0.0022721494965691163	0.0012671756788051334	0.0007007334455440586
0.19200825142898179	0.14781232907554498	0.10856462949163206	0.07599491679084754	0.050783174070229316	0.032526977697768834	0.020080363608329526	0.012021873442803635	0.007021552555467159	0.0040221407248114864	0.0022697448543229854	0.001266340010292712	0.0007004843899348278
0.19484605979583633	0.14989496325842225	0.10998991892361083	0.07690434021479542	0.05132691882328832	0.03283453316017747	0.020246962155047146	0.012109425890176275	0.007066729069256079	0.0040452555033361585	0.002281557962064421	0.0012723989448123313	0.0007036112391606219
0.19294282007626856	0.1486895043394759	0.10933204355195272	0.07661853242097783	0.05125451100459747	0.03286019402146742	0.020302590746251573	0.01216304626241671	0.0071077931026229885	0.004073233023566568	0.0022993088548458004	0.0012831438616620677	0.0007099081447346119
0.19485663743914264	0.14990039556891646	0.10999160726935171	0.07690379690940272	0.05132540733736581	0.032832878339857575	0.020245566158181575	0.012108400925375852	0.007066040408304416	0.004044820140574796	0.0022812943604620917	0.001272244223892768	0.0007035224503996849
0.19396104954175064	0.14949060317787594	0.1099272618974329	0.07703588991346948	0.051531592848387306	0.03303549921363736	0.02040916195542069	0.012225824700731924	0.007143901162227731	0.004093637750810645	0.0023106926219668322	0.0012894364257664687	0.000713363454648852
0.19514870960895273	0.1501487076577389	0.1101910791420503	0.0770546489975545	0.05143287038451489	0.032905309540561464	0.020292081166110025	0.012137093770679057	0.007083176790116387	0.004054799484549771	0.0022869945009234573	0.0012754528495521264	0.0007053089178375395
0.19151125324902354	0.14760567074119615	0.10856127018342608	0.07610355647954288	0.050929686533262374	0.03266510572784995	0.020189848129059128	0.01209969121606733	0.007072857026942326	0.004054193972260425	0.0022890032971491915	0.001277585208482254	0.00070691455267396
0.19068785812355382	0.14688052843085814	0.10795925767341856	0.07563453902688655	0.05058677714983368	0.0324288416283507	0.02003534966248377	0.012002994204745964	0.007014442700002462	0.004019874572888101	0.002269267540700647	0.0012664190628487945	0.0007006737189207845
0.19292560219119384	0.1484992541936578	0.109046730940307	0.07631213507965517	0.05097988408996844	0.03264299169108593	0.020146172376637732	0.012058186088479153	0.0070412369250816955	0.004032704152776032	0.0022753868747416904	0.0012693493702523168	0.0007020903655676836
0.19208845038123806	0.14789293000766038	0.10863876223755788	0.07605741340041466	0.050831704011518576	0.032561975569566054	0.020104048260252968	0.012037082267243853	0.007030917268111554	0.004027721147867648	0.002272987760086737	0.0012681890534619762	0.0007015237526983626
0.191483611847716	0.1473887870771889	0.10824112780746856	0.07576154747362032	0.05062384320679842	0.0324234744552572	0.020015921621719522	0.011983115663680327	0.006998867890363383	0.004009137655231557	0.0022624076413200927	0.0012622480978301672	0.0006982220774216986
0.19313870393058144	0.1486979661344614	0.10921962893952121	0.07645199360690962	0.051085190177886104	0.032717207679990125	0.02019554440567882	0.012089488292882162	0.007060329561625415	0.004044002003262209	0.002281918378464973	0.0012730592924142623	0.0007041698704480932
0.19109588724264356	0.14722814011939953	0.10823928950279572	0.07584703557969238	0.05073871015518019	0.03253161857727341	0.020101574162974326	0.012043964504573512	0.007038971436197176	0.004034187043697164	0.0022774554486133408	0.0012710336008460057	0.0007032453121994578
0.19181344796493896	0.1477457244326393	0.10858567789909843	0.0760617486021386	0.05086240168280847	0.032598369779224666	0.020135695071199784	0.01206069289485116	0.007046936847086166	0.00403791396420782	0.0022791866259729006	0.0012718388229115236	0.0007036228869284679
0.19103291425620006	0.147174544165223	0.10819615233709406	0.07581432822583184	0.05071534098700077	0.03251581943234129	0.02009139880477929	0.012037671836861216	0.007035205170159156	0.0040319899428473875	0.0022761987488059622	0.0012703254452510833	0.0007028507104064752
0.19174995845901233	0.1476701015410033	0.10850856940725043	0.07599221691803693	0.05080587445819599	0.03255627471291912	0.020106549048879156	0.012041666929147536	0.007035081424776321	0.004030787848408226	0.0022750192132300695	0.0012694516296269292	0.0007022764740041156
0.19410617040907144	0.14956257058317285	0.10994627571990012	0.07702371995879155	0.05150640928786309	0.033009117355129056	0.02038725689134162	0.01220985823461478	0.007133213510040211	0.004086895024521856	0.002306614909501912	0.001287044721339588	0.0007119915514135087
0.1930197127028124	0.14842240953612446	0.10886714056772541	0.07609607869750364	0.05077632994445091	0.03247766147426387	0.0200252273181868	0.01197630512585639	0.006988930745848475	0.004000714505435382	0.0022564487667794033	0.0012584059960364497	0.0006958792286160166
0.1915310164734277	0.14746357241932648	0.10832719187866177	0.07584439907916454	0.05069390748079921	0.03247698793514562	0.020053605629267484	0.012008002328701929	0.00701450165591336	0.004018589122862254	0.002267957758032372	0.0012654367918128269	0.0007000244221917147
0.1916344299282325	0.14770656615371716	0.10863950987386364	0.07616085431585853	0.05096936957515171	0.032691220764580954	0.020206292033955704	0.01210967526537725	0.007078745858290998	0.004057590262929448	0.0022909288980926586	0.0012786630547155684	0.0007075121312774884
0.19402808907906807	0.14910456155951057	0.10928380967681536	0.07632206681180238	0.05088238555951465	0.03251813456964077	0.020034999261743888	0.011974370429690828	0.006984060751352897	0.00399621363629104	0.0022531543810210748	0.0012562444289400223	0.0006945476222412386
0.1929969389541618	0.14852737114224968	0.10904485316410605	0.07629404132978991	0.05095666641999939	0.032621482178536235	0.02012927840796026	0.012046245974925509	0.007033394583166904	0.004027817418344354	0.0022724563075788525	0.001267640503707565	0.0007011141755208336
0.19158893986865821	0.14759064429136964	0.10848799227241575	0.07600620307692141	0.05083419741004101	0.03258581867729524	0.020131036283618363	0.012059499552530592	0.007047012383142932	0.004038312850066827	0.0022795692634202595	0.0012721201117971944	0.0007038070472884729
