r0	r1	r2	r3	r4	r5	r6	r7	r8	r9	r10	r11	r12
0.45229722956289753	0.37931324266813743	0.3032545116985362	0.22964739267780523	0.1642498681486261	0.11112344795673179	0.0715056765635289	0.04410777138143073	0.026302416713699667	0.015281074223701875	0.00870569686950501	0.004888266471564667	0.002715701296863639
0.46141019477475725	0.38734428402502286	0.3098686661132136	0.23468545362994434	0.16778592748290808	0.11342067369959188	0.07290311388113879	0.04491599590748024	0.026753719412479702	0.015527549856546327	0.008838630785035011	0.004959527199748546	0.002753817764215802
0.45395115911609807	0.3803579351895416	0.3036996742773212	0.22960908088395773	0.16391597251427742	0.11068331725592621	0.07109197556159595	0.04378167929476543	0.026072717687052955	0.015131230177752057	0.008613058618450336	0.004833131167369131	0.002683763831913325
0.4589027119280286	0.38484340077832035	0.3075158067862428	0.2326266837329034	0.16612426963909854	0.1121838980606292	0.07204813495257488	0.044360583528374124	0.02641023036014684	0.015322889677511928	0.008719988221689979	0.004892103890601359	0.002716046554129951
0.45798725942414037	0.3837873825187884	0.3063952260180302	0.23154530538907986	0.16518037135539615	0.1114366502937802	0.07150619636531359	0.043995315528614826	0.02617790740763613	0.015181500183119687	0.008636709374792405	0.00484421156130072	0.0026889785093097045
0.45812682770055807	0.3839818205099738	0.3066272443423061	0.23178727414899122	0.16540310677799272	0.11161966573638618	0.07164248249955694	0.04408893156232013	0.026238272284900582	0.015218605344586857	0.008658723669779073	0.0048569389700991025	0.0026961998404700944
0.4600979986480513	0.3860632789595303	0.3086881856507744	0.2336721966735094	0.1669820424885756	0.1128311370141007	0.0725005843450256	0.04465712698822666	0.026594904439616374	0.01543351548465572	0.00878438148448873	0.0049288112038033145	0.002736658113682685
0.455404203145567	0.3818431614291881	0.3051290998414246	0.23088562429113416	0.16496484360542737	0.11147598891285218	0.07164696640958913	0.04414597940019901	0.0262998953158449	0.015267474697731048	0.008692439530366108	0.0048784164921912955	0.002709207073346549
0.4625207780740749	0.3878278206974952	0.30976531761819603	0.23414908854681257	0.16703699319456825	0.11266387587250694	0.07226664782941102	0.04444354982257849	0.02643289654974386	0.0153232076980852	0.008714338849159009	0.004886387541372929	0.002711790769130233
0.4548578608233495	0.3808625228713504	0.3038194086286892	0.22943216731881413	0.16357459301244612	0.11030433338736696	0.07075907191126031	0.04352846460916087	0.025898138699384843	0.01501891280531017	0.008544267687316814	0.004792453863796928	0.0026603088425129527
0.45885052045285496	0.3852812965871482	0.3083658365031802	0.23372087552826207	0.1672565867605718	0.11318466956785787	0.072830267215619	0.044915958324550344	0.026776775875445354	0.015551957831288888	0.008857516058412469	0.004972298832656945	0.00276183144776756
0.45940389167116363	0.3849272509011002	0.30722395669176306	0.23207634955344195	0.1654718443999879	0.11156733722584865	0.07154764764136172	0.04399683914660711	0.026166530554367778	0.015169055192311473	0.008626989689528547	0.004837612197419635	0.002684829329005348
0.460212291581919	0.3862960226040306	0.3090134137788053	0.23404180531809265	0.16734081217792565	0.11313646858251078	0.07273352348097631	0.04481988216674919	0.0267011314729631	0.015499381758824518	0.008823705470929206	0.004951649533057671	0.0027496590038815485
0.45783518584214816	0.3834660380397225	0.3059422273771903	0.23102953282846694	0.16468013562019485	0.11101171864241423	0.071182692185093	0.04376971506417417	0.026030895398495957	0.015090457460465771	0.008582404833312638	0.004812694585302756	0.00267104626257007
0.4543408216125965	0.38064044214697834	0.30387114465382714	0.22968420031542816	0.16392371389406593	0.11065577175994963	0.07105399880427399	0.04374713244216975	0.0260465437152877	0.015113414775890049	0.008601746142189866	0.004826278424945205	0.0026797462898144283
0.4567653378645114	0.383460798860718	0.30688387764545644	0.23260804249139438	0.16648875791127143	0.11269564475468614	0.07253930277829611	0.04475160497531094	0.02668717991506191	0.015504149212477511	0.008832278214573415	0.004959024141834889	0.0027548448859957136
0.45648251263152706	0.3830241580748722	0.30633468343533954	0.23201640256868525	0.16593182111852295	0.11223043623631632	0.07218854170519005	0.0445083767813859	0.026529218539697235	0.015406531601516539	0.008774130639138775	0.004925307023362625	0.00273567254274925
0.4531740237055173	0.38003251405796384	0.3037934187363228	0.23000945121316882	0.16446465574076347	0.11123440037524712	0.07155446693804376	0.044124853133470136	0.026305841067366078	0.01527980882465363	0.008703493780523637	0.004886380737434709	0.002714377643146932
0.457183211834905	0.3833558480331647	0.30631923316643744	0.23174148961045526	0.16552440204698807	0.11180971087476359	0.07183058370795023	0.04424069800356501	0.026346516387228885	0.015289735183661958	0.008702898094853164	0.004883307519739341	0.00271150403005154
0.4575057506131085	0.3837016273046987	0.3066660358505371	0.2320621083040213	0.16579537855593113	0.11201914357078813	0.07197980064835469	0.04433996287367753	0.026409046915266996	0.015327521820548936	0.008725038730078136	0.004895991454669208	0.002718652582281722
0.45662515547433674	0.38259094811917665	0.3054143101505779	0.230802348143313	0.16466230369774243	0.11110242049946877	0.07130428988437881	0.043879307858268775	0.026113516350779627	0.015146517121081763	0.008617925371806622	0.00483417916096258	0.002683628236674766
0.45260172861459436	0.37855408682275227	0.3015978014130829	0.2274502044799721	0.16194893849402195	0.10907830457741173	0.06990243086674183	0.04296718397682172	0.025548647165570454	0.014809557652806135	0.008422397348123617	0.004722974549327303	0.002621291121498367
0.4569329910573083	0.383067554988478	0.30601350788415366	0.2314464927484036	0.16526682983159385	0.11160568123502053	0.07168250625912978	0.04414082149501497	0.02628295011522592	0.01525102810867574	0.008680089413814483	0.004870186071727273	0.00270408601125148
0.450944121288983	0.3774107413777181	0.3009736008271416	0.22726088417090415	0.16204661231777348	0.1093078188090839	0.07014976891959704	0.04317391737183102	0.025698855483428002	0.014909356113000531	0.008484813615513622	0.004760407740466959	0.0026430877738096046
0.45197558274434285	0.37870273070269667	0.3024222840162747	0.22871345018370096	0.16334974396563276	0.11036043346038252	0.07092474922796206	0.04370222341672614	0.02603777650996238	0.015116962746750496	0.008607692438455642	0.00483133178648223	0.002683282199853799
0.45458797681575314	0.38095434539232054	0.30422632697277896	0.23004255573467278	0.1642465881759274	0.11091734137415982	0.07124695319443981	0.043878836156405664	0.02613110270696147	0.015165237739030191	0.008632429041537486	0.004843991769902209	0.0026897861867845145
0.46077093756793386	0.38637521514392265	0.3086607076391598	0.23339199253940238	0.16657440751637925	0.11241322321927691	0.07214656482535403	0.04439321482336287	0.026415195418224527	0.015318838436556438	0.008714537064868707	0.00488767271690201	0.002713003450024701
0.4554187373666642	0.3813739212398892	0.30425766344131994	0.22978146923782072	0.1638323713444637	0.11048102079930922	0.07087262507783913	0.043597776744787715	0.02593884887774354	0.015042179914744993	0.008557319290649497	0.00479968384542052	0.002664280614881409
0.4514427949830062	0.37789824781404296	0.3014233628238526	0.22764732956663397	0.1623535468525785	0.10953321403847478	0.07030390870781442	0.04327321417513527	0.025759876295418312	0.014945542505244424	0.008505717916358959	0.004772256961375783	0.0026497133274696076
0.4556253411549745	0.38154358000786043	0.30438487981315565	0.2298670417654649	0.16388329102499266	0.11050752608937751	0.07088449656170087	0.04360213824110346	0.025939921604866117	0.01504207169987665	0.0085569260313464	0.004799318388371584	0.0026640161941828625
0.45600511581668346	0.3824131230102747	0.30563926096622107	0.23131138115408717	0.16529398601131823	0.11171191016715752	0.07180494974969867	0.04424596611066656	0.02636045392092042	0.015302971195286902	0.008712758417043862	0.004889852587689538	0.002715567112004016
0.4600115468458729	0.3857587164386617	0.308206664439018	0.23309527932081814	0.16640618420795208	0.11233296047826972	0.07211662165475603	0.0443870627139586	0.026417850300650504	0.015323394782621489	0.008718494500791011	0.004890487102451309	0.002714817819750822
0.4556751519871604	0.3824156510157702	0.30593755456231303	0.23180886711746287	0.1658637211597888	0.11224277349169504	0.07223313152302414	0.04455625787355782	0.026568080043350862	0.015433970791757444	0.008791941975837278	0.0049362503209717965	0.002742149360773017
0.452392333719501	0.37889886253445987	0.30241200404971386	0.22854979874603354	0.16310841041896457	0.11011188365872239	0.07071364213084826	0.04354453124218551	0.02593021714363891	0.015048230248612775	0.008565782836837288	0.00480662444944296	0.0026690653392870533
0.45853504449670707	0.3849362407854992	0.30801379133426465	0.23339067263944743	0.16697412823035176	0.11296420383150282	0.07267195146664397	0.044809994298753986	0.0267097126013228	0.0155112892799004	0.008833624255832303	0.004958585100994988	0.0027540914409784796
0.45856417679241296	0.3845377086123395	0.3072567560870514	0.2324228022531859	0.16597586536291217	0.11208363478532797	0.07198462183089431	0.04432234616028374	0.026388051919419675	0.015310352092437505	0.00871301979605189	0.004888272605070272	0.0027139543964138156
0.4581793830437602	0.38459832069966304	0.30771074083948236	0.2331372485384546	0.16677783118970418	0.11282326249479983	0.07257744032464575	0.044750116172004105	0.026673419149430957	0.015490004716230143	0.008821436218191491	0.00495172364456509	0.0027502749062135474
0.4528548849490752	0.3794623433691652	0.303032795806099	0.22916507525725888	0.16365607001440657	0.11055185850229735	0.07103632629302012	0.04376389774846858	0.026070662533848956	0.015134133020040982	0.008616571747516125	0.004835915521212699	0.0026856554400698407
0.4563607407180198	0.38276613217893274	0.30596995562437485	0.23159970673238514	0.1655260572120764	0.11188430580358208	0.07192397518917357	0.04432322779355038	0.026408214343496085	0.015331421203899777	0.008729248910286504	0.004899223352075066	0.002720816545805276
0.45701950010131187	0.3827542711207283	0.3053635111680484	0.23059564122525925	0.16438117740994274	0.11082143138645205	0.07106940472912714	0.04370559899940512	0.025995834616659854	0.015071676763028102	0.008572449313636097	0.004807436733168679	0.002668268670479673
0.4545568799537473	0.3812557829756854	0.3048059427925618	0.23078568886681747	0.1650137869168016	0.11159442050803008	0.07177567084920919	0.04425411596868676	0.0263787526164371	0.015320005337356798	0.008725355787492412	0.004898184573936653	0.0027207290661170605
0.4571974633493164	0.38365968849992343	0.3068636222311005	0.23242435739739986	0.16622228076398218	0.11242214157057957	0.07230712441453563	0.04457812831629987	0.02656880644026311	0.015428479437420296	0.008786126321291615	0.004931810721840504	0.0027391840025333446
0.457665910422814	0.38376111151716946	0.3066325954993642	0.2319615619048319	0.16566371491132045	0.11188923232448844	0.07187180629824444	0.04426030560725765	0.02635515303087301	0.015293271549709078	0.008704234908444129	0.0048837604269373084	0.0027116286434203016
0.4565011043138936	0.3825124140488609	0.30538063767137696	0.2308048458221663	0.164686875188331	0.11113489732342428	0.07133479275084219	0.04390331477618749	0.02613040026030859	0.015157515997915759	0.00862471741212872	0.004838217889888549	0.002685966053142298
0.4562723813040453	0.3816933797997743	0.3040865816917529	0.2292588607802432	0.16314905504347244	0.10980901241668867	0.07031589183760509	0.04318836201255189	0.025662529458953868	0.014866910263557354	0.008451013059414902	0.004737251177255005	0.002628455675648699
0.45240587517685754	0.3788102081381925	0.30223804122258013	0.22832579179905846	0.16287698253353436	0.10990773703373963	0.07055435820483685	0.04343156450383663	0.02585572031175033	0.01500169831351711	0.008537854663322176	0.004790341962865679	0.002659770289987579
0.4611307453151355	0.38680282435504887	0.309124245378058	0.23384626682712145	0.16697537342474636	0.11273320574364125	0.07237996136904569	0.04455116453747702	0.02651594644073411	0.015380280068534005	0.008750779216780467	0.004908536808212963	0.0027248044165797325
0.4545561110494182	0.3809921084748076	0.30432370105786766	0.23017696067892485	0.16438988518973033	0.11104599150124354	0.0713484333265685	0.04395132404913977	0.026179137153668545	0.015195341104794327	0.008650539126490966	0.004854567638286249	0.0026958306654393514
0.4588828872690109	0.3842822091885121	0.30650613286903716	0.23136076841049044	0.16483315617894406	0.11105389444204808	0.07117130217181485	0.043741296010139416	0.026003145150747583	0.015069249362816756	0.008568045977861071	0.004803648727030463	0.002665606518569082
0.4603343001586643	0.3864202324328142	0.3091325592352395	0.23414791687329725	0.16742779746510675	0.11320207297125831	0.07277937201125537	0.04484992754958742	0.026719840454532167	0.015510588121223535	0.008830228028063975	0.0049553674840924905	0.0027517465677346885
0.4614377183047364	0.3873533780732545	0.3098607817794605	0.2346653901686076	0.16776037087149037	0.11339571990603935	0.07288247776245527	0.044900820701776735	0.026743472407895964	0.015521046562037651	0.00883468447650006	0.00495720872205137	0.0027524870224396587
0.44997327743166554	0.37712833543964674	0.30131580195807	0.22804258049507428	0.16301820610111087	0.11024607815878237	0.07092115362023256	0.0437393596679772	0.026080016293359667	0.01515105095508765	0.008631418436023249	0.0048465247765878084	0.00269251445297483
0.45894152103468505	0.3854731510431838	0.3086370418642032	0.23403111623010964	0.16755918106795487	0.11344320788597122	0.07302815687434687	0.04505459812345018	0.026867458730191415	0.015608280527266222	0.008891185504706469	0.00499187210988067	0.0027729817510949413
0.44617874001967106	0.3733601694466018	0.2977839366194339	0.22496065657680409	0.1605345123681668	0.1083980449211053	0.06964283649250023	0.042907970853512355	0.025565140677467266	0.014843853737554551	0.00845311629362051	0.004745093080216402	0.002635644093290495
0.4571110132596652	0.38247022399505703	0.3047637162278248	0.22980814524575013	0.1635616330278271	0.11009667428661465	0.07050373967295626	0.04330468471658918	0.02573171222312094	0.014906869891692943	0.008473622851306966	0.0047498627724040015	0.002635421430396825
0.459489671672153	0.38567407710145973	0.3085165088618784	0.23367749444215064	0.1670968166770372	0.1129865385684318	0.07264795544770648	0.0447737496695968	0.026677211512874752	0.015487259565306973	0.008817623098188261	0.0049485997644841	0.002748121779666439
0.45223208083742444	0.3782596589565908	0.3013866516019601	0.22731754314362995	0.16187842133184713	0.109048670440961	0.06989483567540902	0.042968925810101734	0.025552955255950718	0.01481360910915518	0.008425402115382728	0.004724963852955742	0.0026225239741159323
0.45664537202455413	0.3827647280684589	0.3057144277756617	0.2311735264425499	0.16503853907806815	0.11143071701945723	0.07155866724515618	0.04405885708390526	0.02623151712989148	0.01522003794498865	0.008661970509784712	0.004859822848931936	0.0026982523654854223
0.45279615554977	0.37964806181584976	0.3034247839952074	0.22968112908833657	0.16419535500408036	0.11103107209639468	0.07141216510172253	0.04403145489267986	0.02624759520397411	0.015244873640322194	0.008683137044263918	0.004874766451606617	0.0027078517085569248
0.4585634054482956	0.38442999551022966	0.30706009454916006	0.23217481031471915	0.1657220242674942	0.11186086423226416	0.07181138713470439	0.044199783455886904	0.026307377564171102	0.015260034947288226	0.00868285406134778	0.004870701031256125	0.002703930194390733
0.46141206234299054	0.38682013723938696	0.30890550051772786	0.23346760042871012	0.16653742955203452	0.11232402260108992	0.07204992943459355	0.04431226602038632	0.026356321714402227	0.015279707352297589	0.008690061128029813	0.004872994167706537	0.002704457153922794
0.456642791152711	0.38254102607509016	0.3053073535342187	0.23066115745068694	0.16451480493373707	0.11097156396876506	0.07120187981990796	0.04380656145971949	0.026065504778157274	0.015116517038423106	0.008599916696054942	0.004823679364216095	0.0026776343120107067
0.4585008700797882	0.3842922785764988	0.3068634545238136	0.23194942718401984	0.16550248464670006	0.11167379326780581	0.07166863773668367	0.04410006183342687	0.026242310106340174	0.015219701029234183	0.00865877915001858	0.004856721438777301	0.002695973254447401
0.4554980929642956	0.3814495339533668	0.30432562171472266	0.22983838234996667	0.1638764948979145	0.11051272023858943	0.07089389247010215	0.043611258021280644	0.025947024943120456	0.015046977697076877	0.008560068173023403	0.004801232155780638	0.0026651421966079063
0.4505927844198859	0.377810800913113	0.3020157228395467	0.22870166788835086	0.16358382912517466	0.1106888419109036	0.07123995210383197	0.04395325873214772	0.02621568103756085	0.015233470515844576	0.008679910049481517	0.004874391626585084	0.0027082569902240035
0.46188180981078775	0.38782272259886297	0.31032609990422255	0.23509163695967222	0.16811801493234757	0.1136705534267243	0.07307739954709055	0.04503001989347527	0.02682462588424963	0.015569976423024202	0.00886330429186129	0.0049735825024261856	0.002761705757669418
0.45242593475096116	0.37895587676629405	0.3024864850183575	0.22863150998985304	0.16318604573883133	0.11017704552389854	0.07076289885275916	0.043578735746683715	0.025952449735301822	0.015061977338176526	0.008573974775057239	0.0048113759768786775	0.0026717677692571253
0.4548544543134709	0.38106695843169897	0.3041961394361846	0.22990796931275412	0.16406155835920455	0.11073147243208428	0.07109106684692415	0.043763267106923236	0.02605266096840449	0.015115280087584199	0.008602039319023525	0.004826106109990369	0.002679507143573667
0.45505382349395007	0.38173478571925046	0.30524199139013675	0.23115583061106712	0.16530465200026356	0.11180606585405949	0.07191929005141925	0.04434604001345017	0.02643494456212759	0.015353186465111723	0.008744459475349662	0.004908984742433581	0.002726755853039487
0.4568467766559707	0.3831069579653344	0.306162319807611	0.2316657497402116	0.16550686911675871	0.11182419261848427	0.07185627756565542	0.04426557957477052	0.026365894444289512	0.015303123797465217	0.008711476789408049	0.004888534479376994	0.0027145803487078246
0.4579838069524902	0.38426733465562507	0.3072777163425988	0.2326608952485691	0.16632389607300904	0.11244123222466912	0.07228802756826667	0.04454881677950196	0.026542426659731225	0.015408945322457348	0.008773107889930395	0.004923682593218641	0.0027343230462061716
0.46019897532240345	0.386136763912567	0.3087329817939336	0.23369194284313552	0.16698417360788714	0.11282399176458033	0.07249066799540498	0.04464808607705052	0.026588047564057943	0.01542884595106293	0.008781415701627304	0.004927014445910649	0.0027356046996700597
0.4562328489293479	0.38274172046449706	0.30603899965613	0.23173359389851217	0.16568631735208283	0.1120366814574852	0.07204824277767917	0.04441388047910889	0.026469129727472743	0.015369962887152682	0.008752590177554441	0.004912918372712038	0.002728670072066049
0.45954795548512894	0.385148247887088	0.3075005632818188	0.23237281278526958	0.1657493717359286	0.11179784156892364	0.07172051354384502	0.04411614396278544	0.026243707322314885	0.015216599701492842	0.008655241496985374	0.004853963797630602	0.0026941142895733354
0.4575331900801213	0.3834121614628012	0.30611148248269393	0.23135220048079158	0.16506350906609718	0.11137421405257296	0.07147695994570405	0.04398356579167675	0.026174156417924047	0.015180883512203744	0.008637067817423925	0.004844722830682728	0.00268939424696188
0.45587427334880287	0.3823730055080362	0.30568209153447184	0.23141314730048895	0.16542175650595728	0.11183591769306306	0.07190720029957348	0.04432104982648192	0.02641112033992475	0.015335118539984526	0.008732264876993766	0.004901313136003943	0.002722145595320459
0.45904640094880905	0.3851214729188284	0.30789772014372185	0.23305686227600297	0.16653953251219153	0.11253598786487529	0.07231603953136023	0.04454741821569981	0.026532010403251562	0.01539832751074083	0.008764995978375469	0.004918230444501144	0.002730914077905792
0.4536269639372177	0.380293369172985	0.3038690102238941	0.22994030841889276	0.16431290077158783	0.11106066677069323	0.07139959441099288	0.044006001061297866	0.026223410872790745	0.015226556538897516	0.008670782148407937	0.004866996699414024	0.0027031834110981647
0.4539251930824604	0.3804293155997085	0.3038532886428604	0.22981224601416378	0.16412858910940117	0.11087229423780512	0.07124014438569957	0.0438871092514567	0.02614240223833282	0.01517482531307313	0.008639253381523777	0.0048484151673836426	0.0026924938286328956
0.45998445777233893	0.3859067145571206	0.30850216608102626	0.23347849056713357	0.16680374595372324	0.11268454955875994	0.07239133846648137	0.044582028119389085	0.026546449162957873	0.015403716501709951	0.008766695589780656	0.004918583591922909	0.0027308540573356575
0.4541790213754286	0.3806271518874017	0.3039902380108982	0.22989299245116254	0.16416614561731346	0.11088283981331352	0.07123752899969242	0.04388023921053832	0.026135634097761054	0.015169628895250725	0.008635724622991496	0.004846187450913964	0.002691152174862256
0.45816528863905204	0.38435504663083975	0.30727693458379046	0.23259367006533824	0.1662223851160403	0.11233575425699831	0.0721980225443318	0.04448140453586514	0.026496372391037786	0.015379487586251153	0.008755135700615474	0.004913083590255336	0.0027282229645993914
0.45587260595354046	0.3821501228253517	0.30527524892376884	0.23089991923707306	0.1648959669374559	0.11137393447797557	0.07154746798425977	0.04406621142997957	0.026243184366890146	0.015230274039746214	0.00866936018166112	0.004864648649328618	0.002701219469019032
0.460289272772548	0.3861569540617615	0.3086895248767434	0.23360402664021085	0.16687782140785104	0.11272246402743712	0.07240774030296832	0.04458756444789027	0.026547381960609805	0.015403123319563627	0.008765842695606391	0.004917880005658502	0.002730367803300768
0.457410412520346	0.3835882726980104	0.3065430931295305	0.23194152284533034	0.16568881651126227	0.11193397890612991	0.07191758317050971	0.04429779349560979	0.026382111990170896	0.015311077224821766	0.00871532975969674	0.0048903981117495955	0.0027154871710920675
0.456310252796394	0.3827209647756043	0.30593207734662325	0.2315702337785474	0.16550486307161957	0.11187016526688096	0.07191512894154257	0.044317965474056774	0.026405195606885618	0.015329731292566932	0.008728317453907465	0.0048987147505577385	0.0027205403504059204
0.4586084957824577	0.3851349880979268	0.3083132587688386	0.2337430438517235	0.1673230959716823	0.11326510358073934	0.07290361462175099	0.04497292815718938	0.026816570677619955	0.015577782445815765	0.008873426365967791	0.004981745578417203	0.002767294354259013
0.45402661127505795	0.3806213030065656	0.30411474068615907	0.23010541642853247	0.16441088848571853	0.11111135125372708	0.07142196384749339	0.04401391457706408	0.0262250783721173	0.015226058915219737	0.008669831777070501	0.004866171499980264	0.0027026010015602986
0.45952968838009234	0.38549845321226717	0.3081585666624087	0.23321018895051596	0.16661014595699258	0.1125549566474898	0.07231001265051089	0.04453350859879112	0.026518541081049046	0.015388055940836393	0.00875804587007	0.004913852443496327	0.0027282812042991513
0.4593614578006362	0.3854371284232902	0.3081959974867283	0.23331893268053552	0.1667518448166523	0.11269453328242791	0.07242594936424993	0.04461898377152285	0.026576352079407395	0.015424786337910905	0.008780351731632857	0.004926964522613872	0.002735810199648772
0.4570197187746591	0.3831959657532296	0.306171651912309	0.2316146096253705	0.16542357958467085	0.11173565575895991	0.07177994287779792	0.044208084542488466	0.0263264829412104	0.015277860597708932	0.00869604145250282	0.004879422522071709	0.002709332446471438
0.4611503888109794	0.38677866006088124	0.3090624306869026	0.2337610138950116	0.16688451635502977	0.11265169249064312	0.07231572839792302	0.04450533641234183	0.026485613847756734	0.015361290762964035	0.008739365666670473	0.004901876481054461	0.0027210000279304565
0.4531188406929135	0.3798607317722189	0.3035278162717499	0.22969403436307062	0.164151032731448	0.1109634372281195	0.07134560472646884	0.04397783087778687	0.026209352282257938	0.015219733500113646	0.008667516103189927	0.004865437489457506	0.0027024349744793116
0.45448207434124527	0.3803722588263554	0.3032561666643606	0.22885889631610667	0.16305555072336647	0.10988276121462015	0.0704477022906683	0.04331582322417185	0.02576159026163252	0.014935225459216474	0.00849472045324441	0.004763851465038959	0.0026440978057867604
0.4567423355040389	0.38312121394753956	0.30628135217378155	0.2318541884373164	0.16571877212782934	0.1120197788122688	0.07201311339122096	0.044378787131923836	0.026441435308815184	0.015350690611619382	0.008740187316728182	0.004905339745572412	0.0027242010378149563
0.45690838765915714	0.38274986778766934	0.3054539086881823	0.23074969748434376	0.1645582583234222	0.11098630368765845	0.07120209356218575	0.043801515457216625	0.02605986841450438	0.0151120008207065	0.008596786334190348	0.004821680306057378	0.002676421862946554
0.462472050271513	0.38771733570595185	0.30960621082800677	0.2339660451280462	0.16685841547701125	0.1125116534568881	0.07215052662635832	0.044362481217938086	0.026380038276422497	0.01529046457603715	0.008694806493334324	0.004875051242127467	0.0027053408540959677
0.450891342994929	0.3770739027216016	0.300405802303165	0.2265661676428151	0.16134711654822512	0.10870022498444533	0.06968045662817628	0.04284336186743635	0.025481917626739643	0.01477431574996776	0.008403960896072236	0.004713352145443427	0.002616259499658456
0.4561119995654864	0.3818207640716512	0.3044607899264161	0.22978698566644906	0.1637156987247105	0.11031827227553474	0.07071719204473333	0.043474525020140584	0.02585182296337638	0.014985356731048128	0.008522179324102	0.004778769070269055	0.0026521664320360546
0.4562504207416189	0.38235494058586983	0.3053148480145135	0.23081276278896676	0.16473950431451567	0.11120317731913566	0.07139852674319004	0.04395333086140988	0.026165520877647584	0.01518037360340797	0.008638824138672039	0.004846602873602107	0.0026908184225839264
0.45701420580096325	0.3825915626675019	0.30507084717814625	0.2302291757533999	0.16400797145468743	0.11049525279303138	0.07081660519917989	0.043527219298857237	0.025878659758750044	0.014998706273710366	0.008528752384465587	0.004782004470664982	0.0026537689658462952
0.45735184995107625	0.3832530023316769	0.30598112039103337	0.23125358020484965	0.16499483836851017	0.11132998402321101	0.07145028932886853	0.043968271243949454	0.026165683366803895	0.015176288630622271	0.008634604741701498	0.00484340924218599	0.0026886945738503615
0.4550207781787334	0.3814354553810989	0.30472295576592917	0.2305121767687589	0.164650527947298	0.11123380388338087	0.07147479153123884	0.04403161740584006	0.0262279310300136	0.015224019300994832	0.008666990387020767	0.00486384241530711	0.0027009953420599605
0.46041582676609744	0.3863553408832084	0.3089406792807764	0.23387532803653452	0.16713335810021676	0.11293577214385972	0.07256836441657818	0.044698780095950644	0.0266195061592934	0.015447639345751586	0.008792332243219852	0.0049332276169600335	0.002739089339251128
0.45825335703872627	0.38444544535396813	0.3073642837022123	0.2326719545915574	0.16628689953846734	0.11238462455794784	0.072232298537897	0.044503931044660425	0.026510431611538352	0.015387923956788521	0.008760052836136515	0.004915889407195987	0.0027297996496986423
0.4561842261736674	0.38244515378350424	0.30553877294427567	0.23111934224260455	0.16506519915726436	0.11149496050265897	0.07162834471514722	0.044117306289221954	0.02627408496382341	0.015248364944469375	0.00867970614067517	0.004870467511345962	0.0027044537986346748
0.4619925540787028	0.38765627702863525	0.30992153912975295	0.23453919043843344	0.16753113034798867	0.11314453347191546	0.0726629341875946	0.04473424894372002	0.0266288046864601	0.015447351674537708	0.008789583862369455	0.0049305557202044175	0.0027371255451665703
0.4569137154674761	0.3833237955965264	0.30650024889074406	0.23206840018141892	0.16590783534704928	0.11217079128607096	0.07212341680601594	0.04445355018584416	0.026489194439732404	0.015379853038080274	0.008757407164134203	0.004915261178448268	0.002729816305298707
0.45743234033159197	0.3833631402986767	0.3061112691885028	0.23138851448462983	0.16511858413104827	0.11143141553299792	0.07152570128689775	0.044020016965138645	0.02619902566465358	0.01519677343657193	0.008646754133097836	0.004850431653459454	0.002692678307587381
0.4563098579538029	0.38273761179154	0.30596294184125067	0.23160938133283737	0.16554508577243315	0.11190557281119279	0.07194273535211257	0.044337540166283704	0.02641810366156689	0.01533779378059399	0.008733156446335296	0.0049015358890631185	0.0027221507914026747
0.4565590646588435	0.38254951174686386	0.305397109840507	0.23080461001882138	0.164676345596974	0.11112055547823463	0.0713211864045622	0.04389255363378922	0.02612281089309562	0.015152563374643947	0.008621655568976736	0.004836395822597694	0.00268491078089894
0.4578931311214113	0.38436221323378644	0.30753266914821137	0.2330166107109557	0.1667054413757554	0.11278520737974464	0.07256017742591135	0.044743639808736045	0.026671728129402134	0.015490067929423626	0.008821948467653934	0.004952219689039769	0.002750639154438401
0.4608615370517128	0.38640265490263126	0.3086303643664522	0.23332070613179498	0.16648526452744375	0.11232699430756884	0.07207568685329832	0.04434131584903898	0.026380259481554334	0.015296716428478477	0.00870113524430275	0.0048798085659536375	0.002708493613789396
0.4544721172034038	0.3814924213097559	0.3053153781018668	0.2314610865067455	0.1657227577793668	0.11222655393430445	0.07227275228468978	0.04460870510205383	0.026613598161424376	0.015467159842286127	0.008813882504605826	0.004949884429059785	0.0027502790565182827
0.45825335703872627	0.38444544535396813	0.3073642837022123	0.2326719545915574	0.16628689953846734	0.11238462455794784	0.072232298537897	0.044503931044660425	0.026510431611538352	0.015387923956788521	0.008760052836136515	0.004915889407195987	0.0027297996496986423
0.45560003617358386	0.38187408698006187	0.3050118381736807	0.23066646272598446	0.16470540852350316	0.11123072267903089	0.07144765743570197	0.044000936917974666	0.026202597766099157	0.015205988187727512	0.008655234857163949	0.004856600972711035	0.0026967023886696885
0.46254326516517935	0.38780812714689433	0.3097091998959799	0.23407007636178032	0.16695213769975445	0.1125874973273531	0.0722063795199209	0.044400530520122126	0.026404421369060814	0.01530538303129964	0.008703626924711768	0.004880137580415615	0.0027082212455940497
0.460148392158495	0.3861786535192342	0.30885497395607336	0.23386472004337794	0.1671705276475536	0.11299238063987566	0.07262400670058487	0.04474355310413915	0.026651398303532334	0.015468581574762538	0.008805332557079113	0.004940985541551507	0.002743591120800857
0.4581751466863837	0.3847669753729482	0.3080242690456865	0.23353586915983005	0.1671883405658725	0.11318538392768775	0.07286027893940016	0.04495095157317057	0.026805999064632588	0.015572882078745536	0.008871207259304433	0.004980752525440565	0.0027668510402985456
0.45003149966986544	0.3768520640434086	0.3007592579701785	0.22731977054751054	0.1622676874757655	0.10958152315030799	0.07040103127490394	0.04336953770862369	0.025835630502750652	0.014998154837413092	0.008539535523374971	0.004792904458795815	0.0026618825484084163
0.46044424655627214	0.3865045691938074	0.3091892566848204	0.23417940933122336	0.1674403346283491	0.11320324273995103	0.07277551946461536	0.044844986327295	0.02671559540571789	0.015507509423352933	0.008828199606695489	0.004954109869888476	0.0027509978829979367
0.45422663117405104	0.38091166085873857	0.3044689047863825	0.23048000118684578	0.16475924497664168	0.11139988981245873	0.07163822137395923	0.04416323579422066	0.026321758317024147	0.015285675883741147	0.008705288509572313	0.004886708359043703	0.0027142693927074807
0.45427274259089123	0.3802340200000277	0.3031886896894465	0.22884939376372915	0.1630826833642357	0.10992474772442677	0.07048904389495711	0.043349070765976404	0.02578525072165106	0.014950749213659818	0.008504350798489137	0.004769595571001537	0.002647429836588651
0.4585105102357506	0.3850674630358926	0.3082767413616156	0.2337327295054072	0.16733019980071123	0.11328020745028218	0.07291968833469382	0.04498633000677778	0.0268263081638362	0.015584255980260071	0.008877477776509598	0.004984176741481492	0.002768710611642373
0.453048274368803	0.379883810879644	0.30363271053772656	0.22985214125629683	0.16432574546217985	0.11112336565590174	0.07147329216142739	0.04406978208434394	0.02627063042708871	0.015258292149406022	0.0086907804687303	0.004879052040386944	0.0027102281291389234
0.4590150227660788	0.3848166406457587	0.30736687925646955	0.23239779108228456	0.16586980618506195	0.11195056183431693	0.07186186160293238	0.044226567174703975	0.026321024382672528	0.0152668225199973	0.008686194274625872	0.004872343762388179	0.002704743043938481
0.45425281474467233	0.3808199788571618	0.304277733416248	0.2302290417617192	0.16449726695382366	0.11116720995356698	0.07145578917784812	0.044033392390801035	0.0262359101357998	0.015231952702766845	0.008673000188584778	0.004867865258357408	0.0027035048946917662
0.4555188859245074	0.3821455520244135	0.3055812978467972	0.23141527153810537	0.16548759444849945	0.11192555544187495	0.07199240433467895	0.04438858289385452	0.02645884096644033	0.01536630950089883	0.008751572153431442	0.00491281370838826	0.0027288111119022967
0.45506254296631327	0.3810779048472138	0.30403189439437095	0.22962581233602605	0.16373627278793576	0.11042804097758349	0.07084650292742471	0.04358626226320133	0.02593437319795506	0.015040730225867511	0.00855701716350041	0.004799743359894551	0.0026644111631924754
0.46032459095425465	0.38602304973847956	0.3084125296760481	0.23324120800162487	0.16649971880394132	0.11238727593362993	0.07214546852975434	0.044401269335537424	0.026424433746123233	0.015326302890262447	0.008719731383355444	0.004890997101928727	0.002715022413263328
0.4647086307230582	0.3904084331754402	0.3125495594745012	0.23686960887600803	0.16943372165458256	0.1145740978340632	0.07365867818463426	0.045384915665641824	0.02703301149447723	0.015689004993352847	0.008930026276619816	0.005010517920655511	0.002781983650896621
0.4597341534736906	0.38563861788315124	0.3082334737022463	0.2332302541265467	0.1665940933677505	0.11252263589282209	0.07227606782242982	0.04450540309089645	0.026498212912944023	0.01537458461729874	0.008749634203134037	0.004908813150449592	0.002725349143415081
0.45448268726824764	0.38052186055853265	0.30352882951899385	0.2292017375006564	0.16340543493286255	0.11018899679148783	0.07068531877624723	0.04348365237000519	0.025871924434976736	0.015003981769940737	0.008535915748124392	0.004787837729255376	0.0026577774846944136
0.4600665819841593	0.3864573082559793	0.30943995709796807	0.23463551573363486	0.16797729989750196	0.11371024261531083	0.07318749481237662	0.04514486280291276	0.026916807214570754	0.015634685483260257	0.008905159953967824	0.004999239081635028	0.0027768665807200513
0.4541901364950475	0.38060659843449585	0.3039427748566479	0.22982909283515096	0.16409874527728016	0.11082267663341805	0.07119023579731401	0.04384653196503756	0.026113330595114538	0.015155665191891165	0.008627329946770722	0.004841287557767606	0.002688352692023784
0.4557792068185413	0.3814154665655135	0.30401483810636665	0.22934600956804882	0.1633244022339499	0.1100050236686646	0.07048826276811673	0.043319396926246506	0.025752778285067168	0.014924911917998305	0.00848650487772383	0.004758222612989857	0.002640541068140581
0.4585178669805498	0.3843451922304516	0.3069452466258677	0.2320464378038206	0.16559873264648867	0.11175671601117017	0.07173236234127438	0.044144788657960204	0.02627158847028457	0.015237891177240798	0.00866965411781646	0.004863043483878356	0.002699574641538335
0.4593612283973121	0.3852616904891604	0.3078744544824231	0.23291263728740014	0.1663353055996233	0.11232849319234785	0.07214099200478173	0.044417203552073965	0.026443446685206467	0.015341851523250056	0.008730613353113736	0.0048979842493462955	0.0027192744318148302
0.4525134212414712	0.3791989225334296	0.3028534609586159	0.22906254708175094	0.16361173027155634	0.11054307121291966	0.07104403666548867	0.04377610785152948	0.02608172513395451	0.015142347632434588	0.00862205450366516	0.004839341836453403	0.0026877057549199086
0.4526355974183147	0.37935943169804326	0.3030388521830422	0.22925217493439157	0.1637842559240149	0.11068385470407592	0.07114846254711922	0.04384768555727723	0.026127828314927232	0.01517067107006874	0.008638854560990936	0.00484905375957247	0.002693216021171271
0.4534596075998448	0.3794781728768688	0.3025269509913552	0.22830978653113676	0.16267503031912	0.10963883587028479	0.07030128275769844	0.043232211049138686	0.025715446854631358	0.014910286986156233	0.00848139143734147	0.0047567605159815635	0.002640328549735793
0.4553423134864214	0.3814675760407828	0.3044965665782808	0.23011006441957654	0.164181779659238	0.11079397554694105	0.07111896823127255	0.04377342625269137	0.02605507363717118	0.015114934326342259	0.0086010492045891	0.004825203913362992	0.0026788588749227958
0.45783518584214816	0.3834660380397225	0.3059422273771903	0.23102953282846694	0.16468013562019485	0.11101171864241423	0.071182692185093	0.04376971506417417	0.026030895398495957	0.015090457460465771	0.008582404833312638	0.004812694585302756	0.00267104626257007
0.45994478925075233	0.3855787289216217	0.307936248031357	0.23277823312409487	0.1660935097944529	0.11206453135215286	0.0719108149082035	0.04424284213923211	0.026323551014803808	0.015264857392131369	0.008683519668890126	0.004870164215158344	0.002703244727460807
0.4546220815104742	0.3809238758719625	0.3041403456807549	0.229921763681821	0.1641168938708676	0.11080049402858883	0.0711546038928491	0.04381279473282366	0.026087308897424374	0.01513777939168702	0.00861590513139887	0.004834340167680265	0.002684269151233341
0.4614906969396846	0.38754775126594715	0.3101705284978874	0.23503814961851158	0.16813368707625584	0.11371954995961546	0.07313260943843299	0.04507705387354651	0.026859160834515325	0.015593069626036953	0.008877807500799974	0.004982304744349703	0.0027667941814321436
0.4563178055324472	0.3825554972880095	0.3056222030256433	0.23117611802567403	0.16509954745366756	0.11151328963265995	0.07163689951835787	0.044120716807740275	0.026275149310816058	0.015248517010923935	0.008679580601389575	0.0048703042258366564	0.002704323622076995
0.46233172534119216	0.3876254358285698	0.30956270502340916	0.23396222063648384	0.16687951863252617	0.11254255909002918	0.07218049167512273	0.044386406866668615	0.026396993323521814	0.015301557997723403	0.008701675010465953	0.004879142250967703	0.002707711504659682
0.45374849446608395	0.37964934352121504	0.3025843719398792	0.2282781148613503	0.1625919939057758	0.10954107866931746	0.0702133948065027	0.04316458092041087	0.02566851268838513	0.014879970458033574	0.00846277571183171	0.004745733785610896	0.0026339629126753638
0.4610208947563153	0.3869610350228348	0.30951255243485204	0.2343773781678512	0.1675397642114321	0.11323902385647891	0.07277843639992994	0.04483547316924101	0.026704151479312363	0.015498123017212326	0.008821619652918111	0.004949880607596227	0.0027484223767859322
0.45776164547823256	0.38353659665829865	0.3061364895825445	0.23130091226303784	0.16497050105645858	0.11127254941927717	0.07138829044522092	0.043916401759408065	0.02612797697067121	0.015151230392867126	0.008618931270099602	0.004834009172108615	0.0026832211988593846
0.4608174192341627	0.38636188267723576	0.3085949075195111	0.23329201125494978	0.1664637643094979	0.11231204331480929	0.07206595087765215	0.04433530396113423	0.026376693549226653	0.01529466177505962	0.008699975125948903	0.004879162584031935	0.0027081373177257582
0.4564861156920959	0.38245806771692775	0.30529449903673245	0.23070168451171919	0.1645840191515939	0.11104602111185252	0.07126635984815956	0.04385521648878461	0.02609888241891363	0.015137919254014844	0.008612994609037604	0.004831399934372831	0.002682080870352962
0.4598330618728824	0.3855322897990006	0.30795053137611333	0.23283689420523465	0.1661734675203412	0.11214455971291105	0.07197777219250004	0.044292387732013966	0.026357127211884965	0.015286214015191311	0.008696497885340247	0.0048777963668030595	0.002707628298541278
0.45971860882751225	0.38537663708065145	0.30776715809979144	0.23264710699444244	0.16599961699790172	0.11200218621426995	0.07187200258654086	0.04421986088211635	0.026310422240116753	0.015257533701274544	0.0086794946642089	0.0048679715626773045	0.0027020561858906904
0.4552551231246204	0.38124380482997605	0.30416466288521715	0.22972345099381217	0.16380200452078905	0.11046875337028945	0.0708699972399583	0.04359911015874269	0.025941148471239187	0.015044228919317181	0.008558807451979965	0.00480065860406805	0.0026648809562107296
0.45977091174593854	0.3853885976914537	0.3077425718702434	0.23259708032526952	0.16593911614553292	0.11194450797359881	0.07182496393279496	0.04418558037064475	0.026287415911973665	0.01524299494686648	0.00867069893313155	0.004862815157079502	0.002699101133669195
0.4602720962297924	0.38607935688454875	0.30856250979642463	0.2334497830387192	0.1667227888352298	0.11258779716649239	0.07230368011924773	0.04451424810171373	0.026499260219360055	0.01537316951376371	0.008747910750944535	0.004907445452834885	0.0027244196080705996
0.45891960787993097	0.38521255851833885	0.30817792453289	0.23345764092365756	0.16697365371762615	0.11292925555573473	0.07262799873187839	0.044771066728591	0.02668056943943366	0.015491579650530439	0.008821156863254957	0.004951051250009019	0.002749681828582752
0.45931606155806387	0.38504205224008176	0.30751215982292773	0.23247168238814875	0.1658917970538648	0.11194321628571134	0.07184332056328394	0.04420751599493296	0.02630583988421892	0.015256208322485735	0.008679347778780608	0.004868155018171871	0.0027022711711950495
0.46286044821230954	0.38833366204078335	0.31039026095377215	0.23481448416076192	0.16765762167848527	0.11317822529800647	0.0726518303894775	0.04470911368944856	0.02660455207123947	0.015428890903375516	0.008777107605226443	0.004922703312661591	0.0027324060841138454
0.4624627827493574	0.38835942888515795	0.3107928348224208	0.23546948408791787	0.16840126492414156	0.1138676138695998	0.07320576085191546	0.0451092867900763	0.026871636483695144	0.015597056454709044	0.00887858972324655	0.004982091140077775	0.0027663974286234517
0.45207291828773843	0.37843361773862993	0.3018444363703095	0.22795031784978953	0.16255204994214417	0.1096520901443648	0.07036975088450304	0.04330750277252601	0.025776966574873834	0.014953831260600021	0.008509684828263227	0.004774151134680406	0.0026506229706313297
0.45504078180178414	0.38130118350967773	0.3044594549991757	0.23017247532683693	0.16429913081311176	0.11092349159397448	0.07123246836467037	0.04385965510505572	0.026114483998363913	0.015153140553571177	0.008624442811441133	0.0048390343090559335	0.002686832552092267
0.45711541069872924	0.3830924165147003	0.30589703954186886	0.2312333022817726	0.1650161061822615	0.11136949695222427	0.07149104688508702	0.04400174579389641	0.026189785479260572	0.015192216209134137	0.008644531933319478	0.004849349117492221	0.002692147684396738
0.4592028227737413	0.3850202696701058	0.30757294317165096	0.23258957803290978	0.16603267632678076	0.11207685406596538	0.07195203806687063	0.044286641212874726	0.02635890236041006	0.015289725958832752	0.00869961987321012	0.004880037236393284	0.0027090798914863926
0.4589973145139843	0.38487109286898546	0.30748239057435744	0.232550043508556	0.16602886416205995	0.11209172995377063	0.0719723883208822	0.04430510511873732	0.026372869856641216	0.015299222645814755	0.00870564516810852	0.00488368488831169	0.002711217373718973
0.4571045489056806	0.38329720516394705	0.30628172281295857	0.2317227423209814	0.16551923687106493	0.11181215815924607	0.07183585828277048	0.04424599497475752	0.026350703279081043	0.015292650440998097	0.008704774589455075	0.004884454179671262	0.002712180195131143
0.45985445860989976	0.3858206113928664	0.3084600830290235	0.2334727608254264	0.16682118120982437	0.11271147134248961	0.07241789449400587	0.044603427249233635	0.02656170254641697	0.015413736554586928	0.008772917131160898	0.004922296810406614	0.002733008967782797
0.46085243198438464	0.3861115381086083	0.3081053486263261	0.23266193811469066	0.1658132797144487	0.11173898235537896	0.07161959893667637	0.04401934494330296	0.026168713491804867	0.015164965079029384	0.008622237913188864	0.0048338904621921756	0.0026823154067943922
0.45318354121191445	0.37965155372071185	0.3030877429004849	0.22911540356854154	0.16354691720175626	0.11042705355683671	0.07092523243418283	0.04367875488621913	0.026011676098607054	0.015096058932920195	0.008593199134356818	0.004822072382899019	0.002677663998455945
0.45858215678105396	0.3845776549654932	0.3073139701242275	0.23248851265647863	0.1660399798092645	0.1121383473572219	0.07202642428284167	0.04435157877662054	0.026407141675868107	0.015322192956034169	0.008720090891890268	0.004892380058345672	0.0027162929097222
0.4615068097802246	0.38684552140868456	0.3088677263359002	0.2333854947642896	0.16643657294811717	0.11222725404954784	0.07197076528243238	0.04425447986584296	0.026317506590689845	0.01525516663317374	0.008675210426009383	0.004864286790833655	0.002699466663457993
0.45826287407745914	0.38380795651755467	0.3061884294300485	0.23118491493339763	0.1647631932964271	0.11104695002332986	0.07119200445515513	0.04376796086668079	0.02602603120852676	0.015085822571639701	0.008578950665126792	0.004810402297432993	0.0026696237320931724
0.45650853279324916	0.38288894443222893	0.30606359487479595	0.23166419352227846	0.16556575021666436	0.11190604621229974	0.07193455779608468	0.04432777923208719	0.026409896711485133	0.015331900452203373	0.008729294621447893	0.00489914938985873	0.0027207330206731467
0.45693588444184635	0.3832554000695955	0.30635511882404265	0.231876875652686	0.16570739527226877	0.11199252887366341	0.0719835558959808	0.04435397734107602	0.026423355197204484	0.015338652660639544	0.008732647135538726	0.00490081278651156	0.0027215630596482522
0.4544809483857637	0.38061676092530167	0.30370377626712297	0.22942264500379342	0.16363144676976152	0.11038716904223601	0.07083929752498178	0.043592523551948245	0.025943556680954466	0.015048647818497445	0.008562689638926122	0.004803432314890884	0.0026666735054525436
0.453906509058636	0.38048388639817754	0.3039697421125765	0.22996598155183356	0.16428940019202026	0.11101522700158958	0.07135223356219547	0.043966885986275524	0.02619514331489533	0.015207826955438283	0.008659085994201737	0.004859988406647542	0.002699104897412423
0.4562144685981794	0.3827147107443796	0.30600583472930654	0.23169836768815613	0.1656534629320449	0.11200941430450417	0.0720277784374122	0.0443997374510869	0.026459967189580765	0.015364310695515228	0.008749227741020365	0.0049109705031759035	0.0027275632365091904
0.44944383969474905	0.37652483660431335	0.30068077712855756	0.22743304990325103	0.16248765057553272	0.10982640869866597	0.07061665540354904	0.04353389795906882	0.025949159069199514	0.015071307335186513	0.008584394598844117	0.004819456092106881	0.002677203891952837
0.4569982619915489	0.38300591529315503	0.30584268449713503	0.2312072469600263	0.1650102710043793	0.11137472075153157	0.07150009086604042	0.044010450173234454	0.02619654372497768	0.015196876771513679	0.008647514403035414	0.004851164733875011	0.002693215601370201
0.4578533408037377	0.3842348134405656	0.3073343221190161	0.23278015589166212	0.1664697427315596	0.11258124272721581	0.07240281093108862	0.04463281390025841	0.026598981555594384	0.01544477432214588	0.008794825076320005	0.004936432228473526	0.0027416374214048896
0.4583306406428666	0.38506170304291903	0.3084269750799985	0.23398927324440102	0.16762677708465146	0.11355811919391431	0.07314471926384691	0.04514985677088725	0.026935946689415735	0.015653529453398363	0.008919392887694078	0.005008754646176237	0.0027827990549870534
0.4537167712380157	0.38022393974826085	0.30366227487734077	0.2296468236977134	0.16399623954480638	0.11077447865922413	0.07117289143772086	0.04384359733426956	0.026115572639595252	0.015158873941252416	0.008630020692546604	0.00484317423881107	0.002689560204657885
0.4596617385489305	0.38522230728056134	0.30753508040255234	0.23237503549024247	0.16573141789101725	0.11177207022044089	0.07169567050757139	0.04409635614253617	0.0262297007227994	0.015207440625358769	0.00864957224805336	0.0048505875692514576	0.0026921579714120026
0.45586145202450645	0.38209958923987564	0.3051926299354266	0.23079970548074458	0.16479532079047635	0.11128654196659761	0.0714799384914352	0.044018622232230825	0.026211938050709826	0.015210817203371876	0.00865770818636513	0.004857866321228982	0.0026973522507512167
0.45747878683251575	0.3834720351335012	0.3062693923430811	0.2315711284563743	0.16529721916983306	0.1115840429864643	0.0716423851257086	0.04410163993534613	0.02625233722007423	0.01522984481207837	0.008666505122562873	0.004861905243627742	0.0026992108947869902
0.45837249136212976	0.3846252615720512	0.30758798350726263	0.23291131359930314	0.1665111175552728	0.112571193646637	0.0723725313813506	0.04460092869178385	0.026573300241721172	0.015426715742999269	0.008783132519402099	0.00492926031689628	0.0027373975812980023
0.46084006828958357	0.3864496435598678	0.3087355902295068	0.23346135734098167	0.16663308566336044	0.1124585789007893	0.07217886649985429	0.04441468894987247	0.026428713048469693	0.01532700158038927	0.008719317444518314	0.004890410039684455	0.002714545621737697
0.4556341497846323	0.38208933145348534	0.3053757414562243	0.2311134984894024	0.16515738652252449	0.11162480980899966	0.07175302546475638	0.044216558538146766	0.026344371864722004	0.01529436047725808	0.008708197430752782	0.004887445975652155	0.0027142969379198014
0.4550235335474242	0.3815638946958904	0.3049557408390895	0.23080511437361287	0.16495027726445227	0.11149700959308312	0.07167967265185533	0.04417673339003184	0.026323554323646185	0.015283716936468425	0.008702807991799693	0.004884719281606874	0.002712910938951001
0.451724344017714	0.3787560745227365	0.3027426185841324	0.229208883975405	0.16390225765585395	0.11086847433064885	0.07133142369818202	0.04399556406609631	0.02623348322138871	0.015240206172854669	0.008682093528181011	0.004874890064476545	0.002708223095543923
0.4579159308951835	0.3838874790708534	0.306641843004605	0.2318823083164912	0.16553793974899186	0.11175662952407318	0.07175795719574275	0.044174776186596786	0.026296626635954133	0.015255801401996722	0.008681361452021707	0.004870266103505243	0.0027038603782687807
0.4599634857912823	0.38604721531040526	0.3087786925431768	0.23383586081009464	0.16717415691209392	0.11301213095853835	0.07264739159169148	0.044763833106422776	0.026666420926814136	0.015478678144938245	0.00881169366594289	0.004944819140626964	0.00274583078426088
0.4558426017377272	0.3824765575775988	0.3059001424899894	0.23170038365043608	0.16572222263841793	0.11210316009138972	0.07211694095636975	0.04447043364965043	0.026509934961485303	0.01539697578768304	0.00876944980838362	0.004923016937969574	0.0027345455159480223
0.4577038784354492	0.38378244023976193	0.3066379153028067	0.23195446429626135	0.16564966510332751	0.11187352254795695	0.0718579558940191	0.04424974729156123	0.026347863312370184	0.015288577312217095	0.008701358087290048	0.004882058621619839	0.002710647094263443
0.4592894742522611	0.384925947372782	0.30732316736845416	0.23224293545149663	0.16566249283622558	0.11174448648696915	0.07169004823155212	0.0440996909520344	0.026235151347861124	0.01521224663880836	0.008653047271899044	0.004852858204611877	0.0026935543280045358
0.4606388192640523	0.3857877564440435	0.3077025573248522	0.2322319952592413	0.16541209950545677	0.11140668851783951	0.07137097651309876	0.04384808766991559	0.026058101640985067	0.015096906039520294	0.008581833841962134	0.004810521924298053	0.002669053045123403
0.455450031916592	0.38212163856112347	0.30559872855521925	0.23146242796098515	0.1655483499434688	0.11198518968395241	0.07204189059114992	0.04442506993027013	0.026483530890278016	0.015382005584199363	0.008761109519586757	0.004918422767643244	0.002732033108520397
0.4588770724829413	0.3850391406314549	0.30789758575751053	0.23311852671956312	0.1666331705585111	0.11263344928925575	0.07239925943732618	0.04460976501410167	0.02657460771964199	0.015425574219079002	0.008781618774116075	0.004928033296202937	0.0027365557483654823
