r0	r1	r2	r3	r4	r5	r6	r7	r8	r9	r10	r11	r12
0.4833001857389494	0.4180285848239351	0.34729782602048453	0.27502490957546616	0.20641272301029376	0.14649959114882366	0.0985196227493679	0.06312422773711115	0.03882911438348714	0.023115895132042926	0.013417395555177099	0.007640435862990798	0.004289278468932625
0.49011806024038035	0.42435875396692846	0.3528795324521332	0.27964236908362305	0.2099647405550489	0.1490334553954504	0.10020323523585027	0.06417690730826985	0.03945664400492672	0.023477213328816235	0.013620543642125546	0.007752891961815596	0.004350922442715526
0.48805121967123305	0.4219117119198282	0.35016244276498315	0.27685310663535895	0.20734720485350325	0.1467992261654857	0.09846389956507706	0.0629301869206658	0.038622805490646936	0.02294939719057779	0.013300230526992897	0.007564531659063836	0.004242695949670799
0.49116194929230034	0.42467165649699495	0.35245815511022655	0.27861733569733865	0.20858622046772296	0.14759123247521727	0.0989266343558658	0.06318009330929628	0.03874950075965937	0.023010696258962356	0.01332897713441882	0.007577775349272828	0.004248757497494324
0.48697554764090073	0.4206982160558139	0.3488660372674943	0.27556270302685043	0.20616571646940945	0.14581028547856642	0.09770575290831564	0.062393192449657346	0.038266898865952706	0.022725648074435775	0.013165137899156649	0.007485391234852634	0.0041973513642114555
0.4843444815120174	0.41875166811280573	0.34767472842689223	0.275084447458926	0.2062385409437238	0.14620391403252275	0.09820381889736668	0.06285199875490867	0.038624151464048614	0.02297536699652143	0.013327251034156301	0.007585306836107902	0.004256702052356393
0.4883876132847642	0.42235282602281377	0.3506875820712004	0.27741906397290456	0.20789688413561822	0.14728001777888677	0.09884479015309115	0.06320665331476967	0.03880940185755336	0.023068295700944513	0.013372735471276943	0.007607319541507914	0.004267344680920232
0.4893240467242605	0.42302537903083737	0.3510716200667202	0.27753432091244373	0.20780933526895282	0.14708083217453183	0.09861778747552405	0.0630057669004194	0.038656179669632786	0.022962496984287137	0.013304589425419205	0.0075655395367791155	0.004242617232035949
0.49158848106314007	0.42547925099268963	0.35360665939803676	0.2799897868952166	0.21000941430383963	0.14889150071932594	0.09998788733196516	0.06396653394324402	0.039288098424315326	0.023357462800838124	0.01354200950655466	0.007704165355956514	0.004321847655249604
0.4855765572997026	0.4201276819192355	0.3491338614486173	0.27652975996574763	0.2075584357888763	0.14730782596193617	0.09905044819416678	0.06345229061696948	0.03902250973760768	0.02322610818139555	0.013478799725533962	0.007674163560897263	0.0043076478736213215
0.4867730389410044	0.4207156002247985	0.3490984273945662	0.2759643116692461	0.20665623903426483	0.14630072837703037	0.09812875102459659	0.06271812593870339	0.038494922112878235	0.022874971172629682	0.01325798450824192	0.007540954365618901	0.004229684454033178
0.4875580927656907	0.42186335915616746	0.35055382320564044	0.2775971698174722	0.20828580138375807	0.14775354503035074	0.09929565210620903	0.06357368949570986	0.0390766736190414	0.023247698639796633	0.013486197230590203	0.007676033658423024	0.004307670517675456
0.4886780086065615	0.4225944939596294	0.3508709313240274	0.27754185844445806	0.2079661503830235	0.1473098452939838	0.09885103480781711	0.06320209769864796	0.03880188182205705	0.023061442692961176	0.013367639190170862	0.007603916245301989	0.004265217223158985
0.48551705417313656	0.4200886688717651	0.34911666892243876	0.2765322311674265	0.20757493143637307	0.14733099158408172	0.09907378963606055	0.06347187123788432	0.0390370305121154	0.023235972012499374	0.013485088974644217	0.007677994160635215	0.004309905022561566
0.49083774471433955	0.4246857015180076	0.3528048694214486	0.2792278882917204	0.2093375741924453	0.1483456972427752	0.0995791198322622	0.06368218903795879	0.03910223739920867	0.02324184586837069	0.013472760663112421	0.007663841842866858	0.0042988480033952356
0.4903196534904604	0.42398489645875537	0.3519542005270882	0.27829917132397564	0.20842754000676084	0.14754481351632695	0.09894195376205588	0.06321836128820463	0.03878856318707992	0.023041703270553705	0.013350599485813375	0.007591703820856778	0.004257273063833511
0.49087922571245823	0.4241903108707246	0.35180237779238915	0.27785184119722317	0.20780425308343511	0.14688431421319498	0.09835414942799678	0.06275833953295369	0.038461936000774424	0.022826164809162917	0.01321589064866193	0.007510804001943167	0.004210080315913986
0.4857731533942029	0.41996942955636685	0.34863341246312646	0.27576619575353223	0.20666609932906793	0.146433672215736	0.09830430636093188	0.06288227176045899	0.038623681257708736	0.022965356801673054	0.013316817492336715	0.0075772785209331575	0.004251286952864495
0.48656170936132886	0.42049153870402045	0.348871511165776	0.2757483314886022	0.20646558099833415	0.14614572308355214	0.09801259634517454	0.06263728440818578	0.038442053057556734	0.0228420670017085	0.013238267503671042	0.007529468580934918	0.004223131015660835
0.4871948012623168	0.4210974285704288	0.34942461089484805	0.27622388654124436	0.20684695235008083	0.14642982398406526	0.09820973891627356	0.06276580229425589	0.038521675150599524	0.02288950540129716	0.013265730402986547	0.007545043797492731	0.004231837176425656
0.4893983108354886	0.42328597979468097	0.351504359693513	0.2780885082953708	0.20840619871709762	0.14763885362229826	0.09908009799232834	0.06335185478265794	0.03889488487205041	0.02311696052047821	0.013399828348702122	0.00762219340652227	0.004275442896712377
0.4889252743472984	0.42297735240722795	0.3513708895191991	0.2781125789552538	0.20854199696641157	0.1478269380065738	0.09926835773818608	0.0635090622020294	0.03901106093878644	0.0231956623566108	0.013449902799851964	0.007652642716880076	0.004293362782330528
0.4836171064268218	0.4180290099546045	0.3469874750590112	0.2744674755580776	0.2057216476850412	0.14580218905232625	0.09791388526129799	0.06265627520311157	0.03849921788116626	0.02289907042363454	0.013282194119942546	0.007559349719911373	0.004242015452852963
0.48867539069510635	0.4225502077574995	0.3507875526844087	0.2774300115078687	0.20784281974587945	0.1471929262457666	0.09875329905378068	0.06312848712154713	0.038750894884997396	0.023028349621092736	0.013347190161439497	0.007591732668299985	0.004258149832396022
0.4916679627830895	0.42509894024884526	0.3527894076345599	0.27884703126619853	0.20872421686337023	0.14765964338429644	0.0989513450550225	0.0631826672887428	0.038743752409788015	0.023003575197417477	0.013323100782391588	0.00757364745583526	0.004246101779920989
0.48577313779255454	0.4204299334951656	0.3495274197888924	0.2769787209876083	0.20801180817440543	0.1477156910604018	0.09938040275184748	0.06369560081965747	0.03918870207721624	0.023332962399593964	0.013544400262237613	0.007713071436434533	0.004330144891582102
0.48680534633059175	0.42044943680944813	0.34855102101777113	0.2752100998666331	0.20581488540662007	0.14549855968795194	0.0974562180424237	0.06221079815228847	0.038143202504232164	0.022646563905385792	0.013116796440192901	0.00745681388635552	0.004180868215355079
0.48631187160791356	0.42106310325530705	0.3502270596121768	0.27769503791892686	0.20868347991491595	0.14828933986217196	0.09982763554643598	0.06401675837720769	0.03940390119524376	0.02346941140983817	0.013627323062185791	0.00776188928432102	0.004358218881212297
0.49132878953250453	0.42490371170305086	0.3527443840749199	0.2789328853251685	0.20889728188767412	0.14786598297602352	0.09914569100882414	0.06333975454978763	0.03885755146178853	0.02307966654535642	0.013371084287740313	0.007602643661393073	0.004263090929256693
0.48627519883847653	0.420212878465824	0.34861255264072244	0.2755214054658022	0.20628002183226146	0.14600482981167834	0.0979130626121405	0.06257134474060233	0.03840062714647551	0.02281709590180022	0.01322367337371571	0.007521129011716158	0.0042184418795088875
0.4874493610754218	0.4213929589843482	0.3497476764271141	0.27655140142134493	0.20715120580019414	0.14668741597491042	0.09840898062143301	0.06290789764831918	0.03861634764329996	0.022949259967925583	0.013301915760187747	0.007566289063602764	0.004244029978965787
0.4911223360103476	0.4247469335088401	0.35264331199545834	0.2788853571079441	0.20889216430130106	0.1478867315045903	0.09917635339170706	0.06336942264557356	0.03888118740924366	0.023096395999361818	0.013382026152886015	0.007609419351499248	0.004267128215863452
0.4892543371628852	0.42291643602537077	0.3509288108033617	0.27737107859729826	0.20764463477545195	0.14693306271939177	0.09849867754309138	0.06291827152884741	0.03859663009640317	0.02292432718556874	0.01328121486505834	0.00755170342423532	0.004234629183630757
0.4887288392688484	0.42274132940188675	0.3511059722828875	0.27783846018138403	0.20828325772369047	0.14760515012466513	0.09909516223022025	0.0633846382084329	0.03892770492914469	0.02314283400969532	0.013417814315699021	0.007633760557639307	0.004282508322616463
0.48873704567481324	0.4226219599257203	0.35086615378333397	0.2775098368568968	0.20791708539447426	0.14725587678318508	0.09880203395481577	0.06316326677951617	0.038774077823494776	0.023042986572565358	0.013356055637233103	0.0075969385050533595	0.004261137766769454
0.4868583684433201	0.420940836717988	0.3494514275748264	0.2764054702074324	0.20712523608073524	0.14673587428141383	0.0984875842446272	0.06298597286958264	0.038679327697006965	0.022994161432492263	0.013331420963617795	0.007584618106701026	0.004254975633684958
0.4890201958926659	0.42323514952040003	0.35177825625327586	0.2786242132825364	0.20908802410096192	0.14833520300594097	0.09968862738554504	0.06382345713572238	0.039227883341883596	0.023335985384673866	0.013536441605855534	0.007704132243968298	0.0043232016880775485
0.48706986827934023	0.42128246686156845	0.34990642545628786	0.27693062956210046	0.2076587814350098	0.14721722712244312	0.09887737083668485	0.06327340298560732	0.038875569102929136	0.023120263105056032	0.01340879474775215	0.007630486688038741	0.004281487125427001
0.48340211100779257	0.4182784027549394	0.34768254584752034	0.27550275727819457	0.2069199894829343	0.14697072654796992	0.09890902294501608	0.06341569101895828	0.03903032271477593	0.023246257496302394	0.013497875073254966	0.007688362911378351	0.004317073061758552
0.49214292022858236	0.42549271535897726	0.3530861539989392	0.2790433959291871	0.2088324364577671	0.14770363209272172	0.0989576482471038	0.06317238632715937	0.03872958267525724	0.022991209361710216	0.01331408129948728	0.007567688892244348	0.004242401815395389
0.48869552786261683	0.4223165473024715	0.3503145251888774	0.27678088658835737	0.2071196679360724	0.14650374799638616	0.09817555202984705	0.06269266262315625	0.03844874643233431	0.022832137231942853	0.013225907107952949	0.007519457468516008	0.004216219283563109
0.4897651527944962	0.42335646464894866	0.35128020883560496	0.27762615166717575	0.20780978256492846	0.14702677645492881	0.09854430566054104	0.06293647407491483	0.038601640953488274	0.02292415601994614	0.013279616936808037	0.007550117200466497	0.004233444523031737
0.48875997899842505	0.4224302977187348	0.3504717753022254	0.276965867263671	0.2073095359280629	0.14667596949375505	0.09831537816350978	0.06279588168967315	0.03851923814922472	0.022877430084536177	0.013253691813294222	0.007535924689675752	0.004225735017664719
0.48887233425760973	0.42262066599481557	0.3507305888500803	0.27726771555867263	0.20761784500930422	0.14695480627048702	0.09854135835085191	0.0629625112303808	0.038632952389209885	0.022950459490029558	0.013298476750416678	0.007562461438543843	0.004241067049848311
0.4889305840482057	0.4229252301752455	0.3512644263375714	0.27796588630043406	0.20837805407069848	0.14767024706043994	0.09913665932996386	0.06340949052415323	0.03894190062852245	0.02315068345134917	0.013422068453463023	0.007636041222656572	0.00428372516009846
0.49173524408348884	0.4253953531564042	0.3532987599553048	0.27950818595740273	0.20944112816376764	0.14833237005848984	0.09950979745726768	0.06360115587163251	0.03903253205872601	0.02319047566494898	0.013438343833848327	0.0076421989923380704	0.004285818951522794
0.4889121016319293	0.42329498953605943	0.35200129041252515	0.2789742204694969	0.20950210450593154	0.14874370640351356	0.1000388804319179	0.06409183732043149	0.03941604148299028	0.0234591692110495	0.013613035265131485	0.007749973047263039	0.004349879982047776
0.4916099883160238	0.42491758620889675	0.3524945292750603	0.2784728718859957	0.20832356211017494	0.1472866977389648	0.09864348347098709	0.06295290119460045	0.0385856752390237	0.02290149195486461	0.013260258320031236	0.0075363106319582835	0.004224488610981003
0.4873055463312371	0.4214377764506736	0.3499760333011228	0.27692296719662607	0.20759599828661934	0.1471281743380037	0.0987874546958	0.06319797087918261	0.03881966363668951	0.02308231613329165	0.013384617027815892	0.007615769797241131	0.004272819604146495
0.4874420913305276	0.4215196595587175	0.35000064690120525	0.27689724319718517	0.20753605470954178	0.14705419246015158	0.09871662989934439	0.063140157024374	0.038777499625335915	0.023053987570027665	0.013366690062114168	0.007604908549964818	0.004266443736539949
0.48821720774431226	0.4221533969829661	0.35046816062711816	0.2771954591578333	0.20768828603455852	0.14710281675066592	0.09870736652135038	0.06310844576767595	0.0387438694086955	0.023026886183628786	0.013347638154390192	0.007592575251386849	0.0042588790329198
0.4912483120337613	0.4249462947190683	0.35290638956076414	0.2791873831551639	0.20919784668828548	0.1481616381753286	0.09939833503520584	0.06353269697239892	0.038992415535067174	0.0231677368486657	0.01342573378795951	0.007635299253120153	0.004282072743930474
0.4860524862996681	0.420278447139021	0.3489583928829341	0.2760857805836183	0.20695612083168946	0.1466749199061856	0.09848847541540286	0.06301235613460826	0.03870974054575713	0.023019394446831654	0.013349416973430213	0.00759636525301291	0.004262218603437996
0.4873756295296334	0.4216903369887713	0.3503974554809629	0.27746414741984043	0.20818028296478203	0.14767579060530842	0.099242261663072	0.06353922488262417	0.03905551024805049	0.023235186888991864	0.013479001106079823	0.007671974235852837	0.004305411074161794
0.48950312155885417	0.4237130521401784	0.3522308803558427	0.27902885457981813	0.20942561712110563	0.14859650719066256	0.09987648078303933	0.06394981204447538	0.03930827780544271	0.023384946011073545	0.013565288718211922	0.0077207200613717665	0.004332573348616223
0.48950371540719795	0.42350462175256914	0.351825184673641	0.27847788948438956	0.20881372387632638	0.1480134865026615	0.09938723041814614	0.0635802176104804	0.039051680033298446	0.023218107372281124	0.013462058988624601	0.00765915552047218	0.004296835652742302
0.4881697533231923	0.42242752373342696	0.35104719842408405	0.278001256474281	0.20859304113066232	0.1479698742442744	0.099437403355803	0.06366107581632681	0.03912806003514428	0.023276915028258786	0.01350244152967802	0.0076849407484367435	0.004312514765102053
0.48592895568099104	0.42013364779507373	0.34879887907123	0.2759230429921908	0.206804132244838	0.14654565288869717	0.09838810234786828	0.06294054076156766	0.038661767391561956	0.022989052358140312	0.013331013293144726	0.007585546781465972	0.004256004073452898
0.49193040516693587	0.42544694411061207	0.35320660233355566	0.27929860066881534	0.20916386788420133	0.14804460971483932	0.09925636936849537	0.06340398224073061	0.03889303117919779	0.023098629776810136	0.013381028562063451	0.007607814149778806	0.004265775389682077
0.4911606435823522	0.4246908100391927	0.3524966199615988	0.27867000347195314	0.2086448313188812	0.14764704438229934	0.09897338602336937	0.06321533368563673	0.03877391471887871	0.023026540368405454	0.013338765447121793	0.007583605864487134	0.004252138908122043
0.489705016700294	0.42337321197841754	0.3513718387247191	0.27777620656001595	0.20798966975620087	0.1472049877647107	0.09869717965196445	0.06305348957188797	0.038683551593832334	0.022977698020104458	0.01331286336566164	0.0075699930943023816	0.004245001911902735
0.48389191912750784	0.4182714297147496	0.34718778347268614	0.27462020822166516	0.20582788099506316	0.14586925231102163	0.09795241397858064	0.06267660937248014	0.03850920663796748	0.022903701042472992	0.013284245111229531	0.0075602261960500145	0.004242379373708735
0.4869593929352823	0.4209526855330741	0.34937514396422764	0.27625851611995134	0.20693925924174605	0.14654659130045444	0.09832257305041196	0.0628583152520917	0.038589302057370746	0.022935001169341537	0.013294543743537264	0.007562509267959773	0.004242093213454652
0.48653724395544296	0.42079493332927226	0.34948404016403417	0.27658854800933796	0.20740205989505645	0.14703909595697406	0.0987624767878025	0.06320371844029142	0.0388352465574657	0.023097683667084538	0.013396412691930492	0.007623778570724988	0.004277875621936774
0.4875126013651981	0.42175229787993934	0.35038290456458404	0.2773849987579748	0.20806078886396456	0.14754486173162176	0.09912347744993653	0.06344505978944985	0.03898803463087864	0.023190360589948618	0.01345084632486394	0.0076550039655808545	0.004295484826729782
0.4881211160579759	0.4219952645812124	0.35025582230602564	0.2769493667544013	0.20743775849711435	0.14687661509723846	0.09852417661976806	0.06297339690764261	0.03865170356324543	0.022967687428948152	0.013311328983947782	0.007571057516946096	0.004246445266150394
0.49059878181649225	0.42431098749683327	0.35231246971474395	0.2786637992048535	0.2087672576041721	0.14783301439833665	0.09916516158185132	0.06337767030363171	0.03889474660182082	0.023108734778361027	0.013391193477871731	0.007615537189701993	0.00427095067325364
0.490344689383522	0.4241967761694344	0.35234099894314885	0.27881265780622905	0.2089908788313965	0.14807726697065018	0.09938615136407009	0.0635524231713195	0.039019696554214	0.023191591924432087	0.013443158336072706	0.007646822786689391	0.0042892339789861325
0.4869603316564874	0.4213522882496868	0.3501498544350652	0.27730833032557645	0.2081032639013171	0.14765427943697143	0.09925124988095159	0.06355942458499354	0.039075866786290644	0.02325128977689684	0.0134902197415269	0.007679200253832675	0.00430982971289929
0.4853785416920784	0.4197607536196231	0.34861634036005	0.2759136025691781	0.20692022306614075	0.1467244323047174	0.09857355926563138	0.06309817573515743	0.038779480355735606	0.023069333465099092	0.01338232646620461	0.007616849270884604	0.004274468077575754
0.4904467861803556	0.4241843175438478	0.35221620303812734	0.2785991745377395	0.2087306558743044	0.14781709769828583	0.09916164651106514	0.0633798681714289	0.03889854983764294	0.02311223231406909	0.013393803633024108	0.00761728325772798	0.004272043205222981
0.4918159517814366	0.42564977636699824	0.3537136533653193	0.28003608090788423	0.21000809677831822	0.14886177732915795	0.09994814093763206	0.0639291967605244	0.03925874127304189	0.023336827940609702	0.013528568072329772	0.007695862910391767	0.004316908846253503
0.4895086965147142	0.4230473716173121	0.3509327791013507	0.2772666482694318	0.2074708251956552	0.14673676725503246	0.09831833636649723	0.06277449715588604	0.038493343697088914	0.022855635750085018	0.013238052805546779	0.007525684599052	0.004219410462373283
0.48672024460835145	0.4206807268532977	0.3490826492690974	0.27596572671387387	0.2066698980871779	0.14632021593169195	0.09814844224482737	0.06273463816011303	0.0385071511911894	0.02288326606089546	0.013263266383034617	0.007544167887304322	0.004231576364082014
0.48923281793204376	0.4231275625659831	0.35135971132221316	0.2779641147865629	0.20830643104969954	0.1475645358624727	0.09902853923234983	0.0633182561435739	0.038874078989796335	0.023104570754280598	0.013392659181754387	0.007618129269062512	0.0042731719764425215
0.487322709769951	0.422053249838584	0.35115521087159685	0.27851662001713623	0.2093627518718808	0.14881096318426934	0.10020012991449796	0.06426592442448498	0.03956172429633651	0.0235651810517015	0.013683589235873794	0.0077941719735106964	0.004376426491967861
0.4843901700725786	0.4189939581303256	0.348099910912331	0.2756410316648168	0.20684545476383326	0.14677622564603657	0.09868114318989372	0.06321126566952626	0.03887303879109573	0.02313698669942528	0.013427177568234675	0.0076448757340260775	0.004291272586733998
0.48958580460358236	0.4236314853162834	0.35199076200755086	0.2786669153694369	0.2090045190535133	0.14818490140696589	0.09952564391187096	0.06368207594391827	0.03912111721931952	0.023262674781419974	0.013489380430963328	0.00767534114921788	0.0043061859178805065
0.4915252234097322	0.4251340222286468	0.35299812127102453	0.2791916594836289	0.20913873409655243	0.14807102546685552	0.09930459512568172	0.06345321151239557	0.03893318933441524	0.02312742047217743	0.013400005351832485	0.007619624026487129	0.004272835759038327
0.4908331835563524	0.4242392074250835	0.35194246912187876	0.27806126054364955	0.20804634037305028	0.14711951243376492	0.09855347828772278	0.06290967465023217	0.038567265783246985	0.022894733003039364	0.013258340987778212	0.007536127393898647	0.004224782025859039
0.49015726110826147	0.4243834318278108	0.35288881547050693	0.27963790181959586	0.20995066100632356	0.149015092340046	0.10018523408413382	0.06416201799683409	0.03944569536121245	0.02346981715844294	0.013615845765063568	0.007750038344522716	0.004349244237186302
0.4886679896175792	0.4223381564154216	0.35038347088396204	0.2768860549372273	0.20724230106210562	0.1466234982078116	0.09827739752630364	0.06277019148489951	0.03850281794553823	0.022867393357083286	0.01324776097065518	0.007532506459693565	0.0042238003629103665
0.4907513556576292	0.4246114296623117	0.3527457337952832	0.2791851720205499	0.20931015128679373	0.1483303760734528	0.09957188616613688	0.06367950473178285	0.039101681691399916	0.023242074388245295	0.01347315931532524	0.007664188983771123	0.004299095163028879
0.4882327009519771	0.42202601137392814	0.3502057954125388	0.276833432351318	0.20728379958863966	0.1467165831918417	0.09838310861587203	0.06286356074417623	0.0385739422311334	0.022916459554899987	0.013279344353175345	0.007551860908968358	0.00423525133836532
0.48688540203836034	0.4210833310393761	0.34970135443486206	0.27673246452666767	0.2074814919267058	0.14707141828350617	0.09876704730376704	0.06319601421661357	0.03882464202373904	0.02308841417786101	0.013389639671430077	0.007619297236936358	0.0042750895097617295
0.49060275566405237	0.4240490187412967	0.3518001118513759	0.2779681099981344	0.20799610930947734	0.14710026601805576	0.09855212705709658	0.062915920325411	0.0385749966036387	0.02290128089016065	0.013263052532206283	0.00753921683534529	0.004226691715705977
0.4904857601345533	0.4244077661949907	0.3526118788574239	0.2791189028902644	0.20929802512877282	0.14835197985032014	0.09960724485493207	0.06371472173082757	0.03913012757612945	0.023262369541175183	0.013486500921451915	0.007672478897106603	0.004304046346165759
0.4904857601345533	0.4244077661949907	0.3526118788574239	0.2791189028902644	0.20929802512877282	0.14835197985032014	0.09960724485493207	0.06371472173082757	0.03913012757612945	0.023262369541175183	0.013486500921451915	0.007672478897106603	0.004304046346165759
0.4883159910599606	0.4224185407528154	0.35088567375767377	0.2777186539570552	0.20824559272253806	0.1476206999568117	0.09913494790639325	0.06342790624577357	0.038963960771716905	0.023169212071878668	0.013435359598080763	0.007644745199782753	0.004289102344082636
0.48753475459490114	0.42176980583564444	0.35039509260148993	0.27739192729464857	0.2080633639983594	0.1475445519243258	0.09912177861022789	0.06344306380387996	0.03898631280289558	0.023189089083731698	0.013449993127911479	0.007654466802810333	0.004295161163016706
0.4866179061225996	0.4208082572002838	0.34943057279661877	0.27648117252853005	0.20726442207846657	0.1468980837288947	0.09863902641701904	0.06310792860109561	0.038767546725839715	0.023053122685737733	0.013368602483714857	0.007607090832612191	0.004268145614271961
0.4876843720853533	0.42162811962505975	0.3499728784015376	0.2767548705129231	0.20732261398970508	0.1468212330302682	0.09850589696481261	0.06297349443098534	0.038658300797885174	0.02297491752153983	0.013317083950744664	0.007575034297138085	0.004248980952825145
0.48743668414755126	0.421662744502234	0.35028374015055946	0.27728339779801964	0.20796556350607678	0.14746363872716375	0.09906026490504126	0.06339975203418936	0.03895772838844097	0.023171173645914908	0.013439200367279061	0.007648154440315404	0.004291548743137922
0.48896708183952003	0.42270734677654387	0.35080559832859987	0.27732834813120993	0.20766322914569238	0.14698619853831602	0.09856153819492942	0.06297470995447647	0.038639989557341936	0.0229543895828469	0.013300627092987004	0.007563624280245756	0.004241692185720699
0.48891275162171394	0.42291497510956594	0.3512620728908548	0.2779704245014625	0.2083871997535575	0.14768116896280736	0.09914696822600903	0.06341784129057855	0.03894796236725858	0.023154743592997323	0.013424632386527543	0.007637592307264063	0.004284634728483407
0.49203378044460294	0.4256851327651444	0.3535674155319006	0.27974295977883057	0.20963250124734692	0.14847717755508333	0.09961172973867556	0.06366844663868507	0.03907466849577026	0.02321580176687407	0.013453109345173872	0.007650619693170491	0.0042905462100760626
0.48688013544521586	0.42092116924011463	0.3493918849102975	0.2763154136517923	0.2070204647294357	0.14663357259281945	0.09840049851604979	0.06291959402277733	0.03863297101783052	0.02296389936852233	0.013312643922910457	0.00757339731614751	0.00424845263259038
0.48587741736530776	0.42043364436472486	0.3494319082716657	0.27680377261172734	0.20779325410175525	0.14749412420497293	0.09918734648742486	0.0635461165291087	0.03908314443224299	0.023263502420006618	0.013501051990655254	0.007687058176777276	0.0043149760753419435
0.48692962757828323	0.4211602720623791	0.3498071978665197	0.2768568156736692	0.2076092224967884	0.147187497821376	0.09886152341600848	0.06326593381127447	0.03887250431799985	0.023119228348080716	0.01340857299154034	0.007630532651955286	0.0042815882688126234
0.48688203548545533	0.4209243063419249	0.3493961029973536	0.2763203058771364	0.20702544792367295	0.14663807432676473	0.09840414622039168	0.06292228455458734	0.03863480810033981	0.022965079840124487	0.013313368213253709	0.007573826670800481	0.004248700785230868
0.48791122576322615	0.42171580517128626	0.34992004027459467	0.2765853701506336	0.20708291463091358	0.14656550521004855	0.09827733841139678	0.06279405785068444	0.03853058502711074	0.022890478337192672	0.013264232654272378	0.007543258450565913	0.004230428730499139
0.4892777117525244	0.4231294098438527	0.35131910334927513	0.27788963262537775	0.20821354175868226	0.1474706380535129	0.09894700148576532	0.06325533649048896	0.03882978666887331	0.023075502229571995	0.013374557178869114	0.007607284599641078	0.004266856448837487
0.4882354827746306	0.42232491151485774	0.35078312552861685	0.27761447629092917	0.20814860094993456	0.14753840358295905	0.09907116458262412	0.06338233746433146	0.03893355656084149	0.023150000234050505	0.013423715605317962	0.007637904375430473	0.004285174497594045
0.4878887867115823	0.4221086842706486	0.3507046120088095	0.2776582978033659	0.2082772424770142	0.14770409860877778	0.09923263809198271	0.06351541605509843	0.03903117792591037	0.023215836693546228	0.013465484598951022	0.007663255133896031	0.00430007454092355
0.4928910946629968	0.426715148447786	0.35472372761298837	0.2809396440726801	0.2107620462960878	0.1494451633006869	0.10036726474110076	0.06421087436922662	0.0394378059524953	0.023445792053409263	0.013592724701349835	0.007732734010056103	0.004337730836707267
0.48938984123779783	0.4230921650631904	0.35113649724883517	0.27759374008822185	0.2078600158769	0.14712082852471198	0.09864701954762893	0.06302569995931454	0.03866900391865112	0.022970376519561957	0.013309264383885555	0.007568242285430469	0.00424415052704861
0.4894938048564597	0.42303568652838586	0.3509247514409061	0.27726221114325633	0.20746932652971814	0.1467371792186295	0.09831963156103939	0.06277594080908469	0.03849456296363648	0.022856525646063462	0.013238645538031672	0.00752605592613159	0.004219633431473002
0.48866889503213695	0.4228844895107328	0.35144314694362583	0.2783219221705376	0.20883363276388467	0.14813672223264546	0.09954492450181028	0.06372621077262959	0.039165696769245105	0.023297958652932306	0.013513964161420781	0.007691174636042889	0.0043158668745153965
0.48918994090659046	0.423223098034416	0.3515874852025206	0.2782915791742099	0.2086794818847516	0.1479248223147697	0.09933325650874295	0.06354955408208858	0.0390351527469324	0.0232095111697727	0.013457678788250698	0.007656942719351196	0.004295717960005145
0.48751382686734285	0.42174570601861616	0.35036889594404025	0.2773654647092434	0.20803882799346224	0.14752379377278713	0.09910572216946101	0.06343160802305206	0.0389786762457316	0.02318426664798911	0.013447071554206979	0.007652750885733657	0.004294176125549374
0.49115572407743185	0.42474631357021864	0.3526092211999274	0.2788246925428954	0.20881727344430703	0.1478114356427966	0.09911120188067454	0.06331927913341129	0.03884595943131092	0.023073311897136586	0.013367667818508898	0.00760082516747453	0.00426212666110646
0.4871558941261392	0.4214732356512027	0.3501921767765829	0.27728092428586315	0.20802764168890314	0.14755778784948217	0.09915751040511585	0.06348225965994346	0.0390192838032292	0.023213132373140117	0.013466009801772144	0.007664505060883935	0.004301191633337378
0.48861289688317255	0.4224770037611025	0.3507069619442166	0.2773478576828303	0.20776617240304526	0.1471278206998547	0.09870281758266905	0.06309241973615162	0.038726833250296994	0.023013148397919587	0.013337978662364344	0.007586321802305404	0.004255043438621798
0.4901765875779675	0.42385747476269414	0.3518476780915449	0.2782167719950547	0.20836917561191506	0.14750709103561885	0.09891959782758891	0.06320606575445471	0.03878218490498941	0.02303852831238839	0.013349058608756502	0.007590964842555477	0.004256919146152668
0.4911715909126891	0.4245738547848737	0.35225887091540176	0.2783433219275037	0.2082807680468049	0.14730015757366668	0.09868274702988597	0.0629962475391085	0.03862214089383818	0.022928048578339067	0.013277922093093393	0.007547365804219531	0.004231122375553144
0.48605939022592465	0.4203431038255902	0.34907706177440184	0.27624361824247146	0.2071295325177301	0.14683908026533143	0.09862566258166744	0.0631157117805795	0.038781370795109314	0.023065914729318616	0.013378179448821142	0.007613510341477787	0.004272167962216004
0.4857020506358534	0.4198399133861301	0.3484520763649697	0.2755513151356271	0.20644436669645821	0.14623165516572956	0.09813965209071877	0.06276031403333907	0.03854015488191452	0.022911564052114877	0.013283757783580832	0.007557656994443125	0.004239936141412361
0.4905935025741641	0.42460818264965994	0.35289516040257574	0.27945659319085175	0.20964795298153763	0.14867176119229106	0.0998684348921698	0.06390845304779799	0.039262925363065575	0.023347937298210934	0.013539103205739937	0.0077037035847469714	0.004322110545928276
0.49196818888155364	0.4254244393321886	0.3531256763679966	0.2791725707996639	0.20901559171234135	0.14789910230868292	0.09913224730200541	0.06330932057766188	0.03882693530934803	0.023055503513916765	0.013354285126121914	0.007591841571134279	0.004256494389636257
0.48856641398580186	0.4228121598470612	0.35140362353003873	0.2783127922439549	0.2088472173994294	0.14816249268845166	0.09957324190556037	0.06375092340201845	0.03918442279308288	0.02331084465110654	0.013522248237599368	0.007696247771858247	0.004318867273748468
0.4904451410289431	0.4239656300589433	0.3517933361265058	0.27802703084770425	0.2080974344274673	0.14721584944597035	0.09865879829758398	0.0630011648573975	0.03863631774866359	0.022942095185637765	0.013288710382697154	0.007554688473710567	0.004235743011278708
0.4832915220747282	0.4176615122985883	0.3465945461382133	0.27407585496956366	0.20536241322620846	0.14550079830595722	0.09768223576280688	0.06249177653675812	0.03838993562218229	0.022830228606989363	0.01324056070299603	0.007534927828215613	0.004228008347015166
0.4915129459161717	0.42489015714703093	0.352536776628685	0.2785719934441615	0.20845545058756842	0.1474237552208193	0.09876416247930249	0.063046723871554	0.038651999715504405	0.022945126053402678	0.013287470464316772	0.00755262776955235	0.004233996567719769
0.4896122643008583	0.42354876947006326	0.3518039789965016	0.2784020322950924	0.2087045112767722	0.14789601790436574	0.09928172241393976	0.06349710847793136	0.03899238730066498	0.0231788405661091	0.013437452265048142	0.007644348621750681	0.00428818543876108
0.4869373227660623	0.4211497292827128	0.34977916114991686	0.27681547097793713	0.20756159083574752	0.14714119956541974	0.09882219859836944	0.063235991837202	0.03885160463029756	0.023105588063090467	0.013400110327185645	0.007625475742380856	0.00427864856978879
0.48923295351547086	0.4231147331755922	0.3513346689875352	0.2779301110540048	0.20826870860964536	0.14752864714836672	0.09899847058142462	0.06329557519409575	0.03885835249363969	0.02309435609928008	0.013386344100916495	0.007614365386327071	0.004270988087105324
0.4899851610685135	0.42394116024829875	0.35219877351244966	0.27877576256850006	0.20903299088051838	0.1481621589059445	0.09948062037903947	0.06363524097321831	0.039082568186385565	0.023234888928378956	0.013471000831993794	0.007663874769421351	0.004299318945602983
0.4908128660895516	0.4245076020931978	0.3524834009811195	0.2788027205285705	0.2088718858079098	0.1479058795631325	0.09921234124013523	0.06340640258526808	0.03891144321882747	0.023118124273773483	0.013396363437469838	0.007618348458106487	0.004272469089461598
0.4869806871268726	0.42093435759653924	0.3493186848309285	0.2761728818681313	0.2068395545717391	0.14644922818959388	0.098239707867738	0.06279517250981555	0.038545219105622065	0.02290623140114785	0.013276696728209768	0.007551846165774138	0.004235895272133066
0.49149113006104544	0.42511358045131187	0.3529920155892425	0.2791981648801663	0.20915380127071517	0.1480895804364559	0.09932232466202448	0.06346765768013968	0.038943707299162536	0.023134476762911367	0.013404465282031139	0.0076223234753733955	0.004274419199096106
0.4953153517034182	0.42858337169384403	0.3559619058892066	0.2815650045286396	0.21089407821224257	0.14926759846775484	0.1000608531453112	0.06390190755673152	0.039187027153164716	0.023266462592477513	0.013474701706519132	0.007659354978106574	0.004293890455738663
0.4893492877832826	0.4225482795769477	0.35012212878734733	0.27623950572927014	0.20637259229280705	0.14571592297406305	0.09747665534310011	0.06214692262147811	0.03806188224340735	0.022577145709452597	0.013066673549467686	0.0074238863388476455	0.004160491875458969
0.4903192037832272	0.42429154413574216	0.3525502776652031	0.2791076642556386	0.2093240791636456	0.14839758919426516	0.09965631828175504	0.06375712480150539	0.03916207128763018	0.023284267323012003	0.01350054151457818	0.007681061349566045	0.00430911549944592
0.49099088352461373	0.42427639456566096	0.35185957571275245	0.277881043655661	0.2078109938736372	0.14687697974721062	0.09834091770484482	0.06274489024378914	0.03845099462651312	0.022818335628396337	0.013210737397066385	0.007507600224811574	0.004208166402828301
0.4869928782166069	0.4214626065329476	0.3503321271445565	0.2775416322968231	0.20835489291013465	0.14789012683113104	0.09944723260526363	0.06370658275297747	0.039177644782814096	0.023317302815661606	0.013530998646350377	0.0077034937530547605	0.004323921423729454
0.4865680921646186	0.42102838058707687	0.3499069863345736	0.2771489111910984	0.2080169087408467	0.14762099818053	0.09924887089084519	0.06357030385908119	0.039089409224555206	0.02326280813661601	0.013498534849139134	0.0076846663075542145	0.004313214910699731
0.48870153861815685	0.4230794690229467	0.3517899993086103	0.2787787915480503	0.2093337207173246	0.1486094990770509	0.09993989161036697	0.06402379586269599	0.039371973047941496	0.02343194715720474	0.01359681671552484	0.007740566557519861	0.00434453070631639
0.49015035649906014	0.4238725194974277	0.3519027060406134	0.2783026890293826	0.20847038421273922	0.1476065084314225	0.09900448354983077	0.06327086166529679	0.038827464128750426	0.023068092665132545	0.013367402535297421	0.007601925792259984	0.004263290358097129
0.48927679997042756	0.42307249629891724	0.35120952630988506	0.27774154469042345	0.20804967284634432	0.1473149933350736	0.09881675486851099	0.06315718042979276	0.0387617746646925	0.023031350431397358	0.013347271680355287	0.007591026817902893	0.004257425371739405
0.48902072847887296	0.4229774422114895	0.3512770470942082	0.27794393242687615	0.2083329258720428	0.14761609738180254	0.09908544657592969	0.06336796283471677	0.038911738499832774	0.023130473751548353	0.013409303376929095	0.007628317671670873	0.00427919554923556
0.49083800114895476	0.4247210526544368	0.3528733195737037	0.27932065629670116	0.20944044504337261	0.14844357632147792	0.09966114518075705	0.06374407552780648	0.039145155762360745	0.023269725391688086	0.013489998008235297	0.00767411593454193	0.0043048093642622355
0.48818924929270585	0.42206150736785736	0.3503173562501663	0.2770032632123252	0.2074818053410417	0.14691003797275173	0.09854777153958538	0.06298901687945554	0.0386615097789973	0.022973594744500402	0.013314779555358624	0.007573028383200138	0.004247553026494383
0.4895155820917659	0.4234896999653	0.35178450164008335	0.2784175524320161	0.20874404366801777	0.14794568286353166	0.09932961738775452	0.06353635181446167	0.03902106825506544	0.023198134448748575	0.013449671232978846	0.007651755183411819	0.0042925346554012036
0.48973768267346257	0.42350976910204247	0.3516047322184448	0.2780775727221611	0.20831593576786483	0.14751090576722323	0.09895105567580426	0.0632437347012172	0.038814849368842046	0.023062692177010104	0.013365281906987958	0.007601179877853638	0.004263073737206504
0.4890876783060146	0.4227393183171953	0.3507490738748589	0.27719973891738225	0.2074932303215643	0.1468099091400295	0.09840638293635091	0.06285404764978872	0.038554641938046925	0.022898204214262027	0.01326556657358534	0.007542590440727352	0.0042294308306320616
0.4873860980823994	0.4213434589151612	0.34971382772957316	0.27653288649779967	0.20714521781091075	0.1466895489846116	0.09841483180953679	0.06291431806596047	0.038621743339914576	0.022953190485030528	0.013304531684225953	0.0075679273367979406	0.004245013599459112
0.4863683342976818	0.42068154349042547	0.3494300944694951	0.27658852782087906	0.20744095353403658	0.1470971391328856	0.09882210643285465	0.06325417586223465	0.03887283234237484	0.023123278842374022	0.013412756303249942	0.007633742016841585	0.0042837499165239695
0.48728679385125523	0.4213538368585671	0.34983157395331466	0.27673530251383865	0.20739228132106335	0.14693671562560837	0.09862822113552598	0.06307841059196563	0.038737006129551624	0.023028731304267976	0.013351531091268659	0.0075960671100649135	0.004261394463460663
0.488918326428121	0.42277118102671485	0.3509774168318245	0.27758215961131416	0.20795552679791252	0.14726994355236184	0.09880213030100396	0.06315756572461739	0.03876740942006996	0.023037430537467443	0.013352086290116747	0.007594345371451649	0.0042595382628227325
0.4851787637198166	0.41948065974029497	0.3482692576894866	0.2755296038751593	0.206540385161027	0.1463877221884315	0.09830410619693773	0.06290107858136737	0.03864566259064056	0.022983679113402107	0.013329914991208463	0.007585839669115236	0.004256570093347177
0.48927655274322795	0.42324362965330636	0.35154203339354095	0.27819236341166986	0.20854942879006713	0.1477902523327182	0.09921483060378813	0.06345739355764676	0.03896990767319619	0.023166523304803587	0.013430834524411355	0.007640828871309693	0.004286320512147684
0.4859438510117918	0.42037882108859986	0.3492600393113632	0.276541751303843	0.20748693672853483	0.1471938256951626	0.09893080395054878	0.06334996759417344	0.038945805046229694	0.023173658171103822	0.013445213929247385	0.007653648561664362	0.0042955356130990685
0.48878868201825887	0.4220976602123976	0.34979903321075395	0.27604396614258614	0.20628427225223356	0.1457007306161378	0.09749937128532546	0.06218139103666567	0.0380938533569646	0.022601520010702963	0.013083305651269238	0.007434460477461728	0.0041669020632943456
0.4895107345811696	0.42319699506470143	0.351221002243126	0.27765592292671126	0.20790110665757627	0.1471449049639932	0.09865939746753796	0.06303119098740242	0.038671004885022855	0.022970862441377388	0.013309210153982018	0.007568059238652247	0.004243981445505501
0.48610785550288055	0.4202346225185594	0.3488189846445463	0.2758730136456066	0.20670762817681887	0.14643173550866453	0.09828113881178925	0.06285413528555987	0.03859914569775525	0.022947147244062757	0.013304565215826706	0.007569551954579432	0.0042466264692698754
0.48611421060909193	0.4203630914410709	0.349061952754632	0.27619943131835295	0.20706792306730037	0.1467736387862455	0.0985672460661667	0.06306984856848105	0.03874870992872879	0.023044306753325892	0.013364646284581413	0.007605369398183479	0.004267412832969002
0.4862102666740073	0.42058286337795064	0.34939404086551873	0.2766080904096518	0.20749910375905917	0.14717220596955136	0.09889534908531908	0.06331459423061093	0.038917186683202314	0.02315321060751141	0.013431755840407632	0.0076452780625874016	0.004290532437480805
0.48580694675344754	0.42012536060030536	0.34890271140071727	0.2761164861828569	0.20704664191521385	0.1467915448568322	0.09860212800486616	0.06310602444991967	0.038778457013163216	0.023065742390302346	0.013378825403468263	0.007614216173507429	0.004272711680943233
0.48678817816844533	0.42073447784556406	0.34912016331085166	0.2759872022563957	0.20667810946224144	0.1463196330936672	0.09814359981072913	0.06272883695971496	0.03850211877990329	0.02287954187885536	0.013260765141203234	0.0075425924956035685	0.004230626946344
0.48719761857324	0.4214357734939739	0.3500783470328081	0.27710842746119463	0.20782657255564885	0.14736107195104267	0.09898973734675047	0.0633541634746935	0.03892969924100813	0.02315458442131353	0.01342964997636013	0.007642762674881791	0.004288545805422872
0.49154521045709926	0.4249359392569341	0.3525938699236169	0.2786353409618412	0.20851813457010704	0.14747924316969158	0.09880845591987705	0.06307902774939109	0.038673868074999826	0.022959086904092055	0.013295994230471602	0.007557661979166948	0.00423689816639414
0.4894064470847847	0.4235850887367942	0.35207748409315665	0.2788625830974984	0.20926330691585787	0.1484538942796822	0.09976305447992097	0.06386721050095531	0.03925237933276581	0.023349254293084366	0.013543489710211859	0.007707840655031819	0.00432514754391486
0.4877528292756514	0.42180928639889725	0.35025710850341174	0.27711036723691046	0.20770080173614328	0.14717232713902081	0.0987955535293081	0.06318978135802257	0.038807246197496065	0.02307120479036195	0.013376416071884549	0.007610314575136129	0.004269417223853887
0.4858519627411013	0.420534386796841	0.3496527277239396	0.27711466621123265	0.2081446773256713	0.14783262095778443	0.09947357126997511	0.06376357617858934	0.039234782777283664	0.02336243009383073	0.01356242058102906	0.007723729028754957	0.004336294506426003
0.4882789173516208	0.4224217451956584	0.35092841102158234	0.27779269784717825	0.20833630165952935	0.1477116801724177	0.09921365271513062	0.0634885249601527	0.039006593407226495	0.02319717872869755	0.013452771782443342	0.007655175660812019	0.004295176442977419
0.4872094595316483	0.4214202916849311	0.3500366337627822	0.27704672982405276	0.20775539370121626	0.14729182794395448	0.09893089019067644	0.06330933986256325	0.03889840356912266	0.023134155227739844	0.013416973642551464	0.007635187140564159	0.004284141672686118
0.4902162304167712	0.4244478331185381	0.3529558493931533	0.2797033052930326	0.21000966997933973	0.1490639706883568	0.10022243275333653	0.06418823161037383	0.03946300623890445	0.023480671494862004	0.013622386579318699	0.007753864573260592	0.004351434156208174
0.4894710118431297	0.4234461542493833	0.35174383006264853	0.2783817199465341	0.2087145841815096	0.14792319936730824	0.09931366081499611	0.06352573951915949	0.0390143800345801	0.023194092799540666	0.01344730459717135	0.007650400845716718	0.0042917723158689535
0.4852002065357161	0.419491733209178	0.3482696740771905	0.2755209072541957	0.20652582173752876	0.14637121031998301	0.09828888217604413	0.06288890118787653	0.038636888720594724	0.02297782951307993	0.0133262320305878	0.0075836160119260336	0.004255267868263172
0.4854850332989641	0.4197384123480762	0.34846835536033105	0.2756670423861905	0.20662237476639117	0.14642776955410436	0.09831792530758626	0.06290173614219265	0.038641513581993164	0.022978901442028826	0.013326050090448793	0.007583147614053739	0.004254845600604183
0.4857970499092285	0.42019546967803423	0.34904851327953174	0.2763184435014169	0.20727295867028037	0.14700827181049742	0.09878459193749044	0.06324418616921029	0.038874549198632445	0.02312830762492876	0.013417578809491086	0.0076373473863984714	0.004286147750642615
0.49125005736050675	0.42397969831880544	0.35103062696198817	0.2766500427906834	0.20639400068519287	0.14550518298995954	0.09718194386722243	0.061867320959801825	0.03784155117922202	0.022422293698575513	0.012965882585505599	0.007361684864128771	0.004123519474731715
0.4896266231292867	0.42387131407031087	0.3524167320891489	0.27922756668074805	0.20961778921441257	0.14876426450056923	0.10000929752441366	0.0640462213894775	0.03937336904504862	0.023426437829725574	0.013590599388559348	0.007735660997329656	0.004341182177096008
0.48958516559971266	0.42366373208512187	0.3520540600103415	0.2787531000597446	0.20910033751842202	0.14827624150939872	0.09960230703939905	0.06373999177873675	0.039161325365494874	0.02328881670496721	0.013505554688906716	0.0076849867949788575	0.004311784933958494
0.4798981543718964	0.4150791577598204	0.3449168667882195	0.2732667630609676	0.2052440959414884	0.1458090368407663	0.09816046956049	0.06296222651754309	0.03876832599350882	0.02309981133646386	0.013417724191428343	0.00764502485268163	0.004293783049626338
0.48823822334634714	0.4222138123186264	0.3505647403695166	0.27731723707510464	0.20781840224686404	0.1472239247192498	0.09880744407712452	0.0631832517375676	0.038795419481558534	0.023060226356023124	0.013368188614800372	0.007604797595494001	0.004265959912114389
0.4900764793654014	0.4242845256131734	0.3527762068657805	0.27952007373148485	0.2098384448158729	0.14891820567594086	0.10010913643993943	0.06410710032152026	0.0394087749999831	0.023446356126636054	0.01360156707150663	0.00774162388064136	0.0043444019494101056
0.48846216659215147	0.4225454090906568	0.3509881071170323	0.27779421041542673	0.20829568487809103	0.14765017510746292	0.09915018434974361	0.06343471766152943	0.03896647718227757	0.023169849290508828	0.013435317681400242	0.007644534530777563	0.004288902506147319
0.4887096513939568	0.42252976255219815	0.3507141812713079	0.2773158023942339	0.2077084376391037	0.14706097929629566	0.09864064515460064	0.06304248280822439	0.03869078145810942	0.022989089656600428	0.013322824641598	0.007577170732698738	0.004249684100837422
0.4899094465095541	0.4236816060228612	0.3517692413773017	0.2782261407040821	0.2084410195951281	0.14760848617039582	0.09902166938149916	0.06329148813018204	0.03884536586920631	0.023081341871406737	0.013376300460353315	0.007607529466899691	0.004266667034698021
0.4910162163312674	0.42452077971550345	0.3523087533539096	0.27847803740813787	0.2084654993344287	0.14749464963400086	0.09885524060300642	0.06313096414141511	0.03871766446734373	0.022991025851846696	0.013317256690481588	0.0075709774214073565	0.004244891576323567
0.49313755401102294	0.4264552516366362	0.353975233044508	0.2798170113559879	0.20946005948730537	0.14817622203309852	0.09928874168612875	0.06339001969822022	0.038865356201065064	0.023072565709976813	0.013361396737009222	0.007594620775208922	0.004257498629498602
0.48889619771124704	0.42245671007868674	0.3503891944464556	0.2767953854893452	0.2070898096178865	0.14645074328755225	0.09811846459369178	0.06264339098781392	0.03841168485486537	0.02280676684109179	0.013209658746049076	0.007509534447457495	0.0042103623334004015
0.4858205187906714	0.41996054232970437	0.34856966042826076	0.27565940887377227	0.20653692735283835	0.14630499574660724	0.09819346240917122	0.06279713719524388	0.03856391899127874	0.022926203017382605	0.013292461223460634	0.007562696975592676	0.004242798978688337
0.4900188672819426	0.4237315862712825	0.35175855278056256	0.27816428254640735	0.20834730824743972	0.14750585836301158	0.09892871841009358	0.06321795223815004	0.03879277697448146	0.023046466130374085	0.013354426943026933	0.007594360239417057	0.004258970875852814
0.4899737814334656	0.42422313435617315	0.3527582222626629	0.27954037647578833	0.20988487935397593	0.14897541161912475	0.10016393157718628	0.06415187628713799	0.03944146395938504	0.023468337401706053	0.013615486412769433	0.007750061139553385	0.004349356603309609
0.4870739787034008	0.42139590142838934	0.350122641422216	0.27722210521346585	0.20798126736339917	0.14752382864605504	0.09913433502723722	0.06346738560573711	0.0390101975829314	0.023207784749653213	0.013462945698135763	0.007662781860457559	0.004300234851504168
0.48861281189053174	0.42233206073782853	0.35042586028317735	0.27696723858253813	0.2073447685143183	0.14672756011954657	0.09836793264372047	0.06284010334951715	0.03855204168963816	0.022899697664184576	0.01326787622427335	0.0075445560505448	0.004230816977875404
0.49001725879933483	0.42353118860835576	0.3513712869458478	0.27764055886505856	0.20776794000215	0.14695597777196034	0.09846900241243266	0.0628718386800932	0.03855316885451926	0.02289103532616813	0.013258430271669274	0.007537188842528655	0.004225818049929827
0.49148648968385883	0.4252244603861664	0.35321201059734086	0.2794985138300005	0.20948784897813005	0.14840778750298114	0.09958906826072805	0.0636688858274336	0.039083219326711015	0.023225073922928347	0.013460463166604176	0.0076556920234641355	0.004293776892877949
0.4886938361798963	0.4225332865991909	0.3507365726697039	0.2773529700085312	0.20775323639450535	0.1471055039948681	0.09867892790225716	0.06307183825370762	0.03871135910139492	0.02300255527447184	0.013331193066598647	0.007582176890554575	0.004252596478825708
0.4928634606211784	0.4263438809844389	0.35402912318039564	0.28000892505976605	0.20973579659713862	0.14847212289560846	0.09955384839134863	0.0635983265496935	0.039013632075001727	0.02317057141469146	0.013422715198969693	0.007631472508166856	0.004279006671874838
0.4862803816445468	0.42050182890053134	0.349167801166403	0.2762710241710007	0.20710907740840673	0.14679217261819882	0.09857204818636482	0.06306816007306852	0.03874503423996299	0.02304078613196419	0.013361973924315654	0.007603565228949003	0.004266277593256221
0.4903671161423907	0.4238122102734013	0.351572443076282	0.2777617448530726	0.207821842959063	0.146964003787827	0.09845335268670963	0.06284903880054186	0.03853221632131579	0.022875117719226692	0.013247586383119759	0.0075303004570621305	0.004221644181288238
0.48749503280662165	0.42174888687038053	0.3503935802394861	0.2774070988532667	0.20808937240861244	0.1475742774476137	0.09914930013078091	0.06346513301817513	0.03900223923146097	0.023199718443186988	0.013456690095859562	0.007658512094869916	0.004297530921548312
0.4870019730109995	0.4214047934459181	0.35021083432679406	0.27737302272413616	0.20816548076156674	0.14770838013240611	0.09929396741911896	0.0635903765103531	0.039096739273008614	0.023264584452637464	0.013498325630152342	0.007683983606430557	0.0043125852404461784
0.4871142108816088	0.4211581593229901	0.3496215773517885	0.27652540330891107	0.20719935148919758	0.14677465240586143	0.09850358637897284	0.06298989371912675	0.03867820958373372	0.022991702665014303	0.013329144086919808	0.007582938794081726	0.004253866614841469
0.48837928716177287	0.4217673860865451	0.3495607341434337	0.27589797366858837	0.2062162508155777	0.1456863245049508	0.0975132313744865	0.06220454177009183	0.03811582510762245	0.022618440699291455	0.013094915532981255	0.007441866535862287	0.004171401547168725
0.4850109519024894	0.4194316363863912	0.34833903236560804	0.27569667596731195	0.20676421032917883	0.1466215737704947	0.09851106300528936	0.06306274766537227	0.03876043461849841	0.023059457710964296	0.013377311698057271	0.007614325286068077	0.00427319798038898
0.4862199866625902	0.4207201581759712	0.3496510973827516	0.2769526461262999	0.20787940781858308	0.14753343078351755	0.09919801826251594	0.06354310294875457	0.03907581649064461	0.02325636469004165	0.013495595688655347	0.007683360157588961	0.004312643536803378
