r0	r1	r2	r3	r4	r5	r6	r7	r8	r9	r10	r11	r12
0.2834861708779322	0.23224054486435747	0.1823442329189309	0.13659689075173598	0.09742159480502435	0.06620070612432295	0.04301034609387201	0.026861960758126895	0.016229318840767407	0.009545534343309398	0.005496869824004218	0.0031141776861906426	0.0017425352240113478
0.28253463577634247	0.23180408776453187	0.18233935985945518	0.13688925008786454	0.09785993288111297	0.06665694112489219	0.04340442277140929	0.027162703451224866	0.0164391790558742	0.009682565778940812	0.005582023440427641	0.00316517850601223	0.001772256853029213
0.28046135412635914	0.2303992066653059	0.18154001561702687	0.13656693318437493	0.09785155116871798	0.06680796417158835	0.04360137605818426	0.027342040107682295	0.016577023772894415	0.00977806512271506	0.005643705607981759	0.003203101628737433	0.0017947628798797388
0.2822865662312077	0.231508524084761	0.18202172761902807	0.13657977560555057	0.09758570237917584	0.06643479803263516	0.04323854543229354	0.027047282646319316	0.016363444795156154	0.00963516022574245	0.005553424148723054	0.0031484059402147597	0.0017626285491101803
0.28320740308517156	0.23216672361012988	0.18243664641207305	0.13679660100713295	0.09766449638380248	0.06643449886867266	0.04320436358207521	0.02700656931786151	0.016328715975882046	0.009609784393109257	0.0055365183443824885	0.0031378080304153115	0.0017562581586461985
0.2801145979581165	0.2297032282539177	0.18060287987766221	0.13553153726121012	0.09685904162534448	0.06596069960062005	0.04294528014008928	0.02687356228204637	0.01626384602613561	0.009579358371243605	0.005522635282186059	0.0031315811358153486	0.0017534876082067575
0.2815034867406283	0.2309759164292288	0.1817161410091153	0.1364531618183864	0.09757712979155396	0.06648660884546943	0.04330843062360625	0.027111508191906643	0.01641299252158384	0.009669544335376624	0.00557565039031464	0.0031620764224047295	0.0017707431247645023
0.28316048301682634	0.2324890707252617	0.18303532899322458	0.1375418531294242	0.09842299268643856	0.06710456259332659	0.043734237260630686	0.027390016168622598	0.016587312482849087	0.009774830819158834	0.005637486152551977	0.0031976205378284103	0.0017908446661806866
0.2830373675931281	0.2321306805839217	0.18250879586540406	0.13693788073373353	0.09783252368283239	0.06659478481531074	0.04333681390294223	0.027105073469595484	0.016396344098183906	0.009653471242439145	0.005563467870521084	0.003153866636189409	0.001765582864376711
0.281286591038115	0.23026147578970899	0.18064592985461111	0.1352178465473106	0.0963669969585737	0.06544158345300406	0.04249412970525016	0.026528113215557765	0.016022302851963557	0.009421432845313344	0.005424410714681293	0.0030727153298520608	0.0017191673959921238
0.2832725021520464	0.2322202237475434	0.18247809996332046	0.1368266990538537	0.09768493776984273	0.06644752940434538	0.04321222334994668	0.027011105069406308	0.01633125001231815	0.00961116978500815	0.005537265962732125	0.003138208748823457	0.0017564723554683828
0.28367703115035114	0.2325521609844802	0.18273478911157062	0.13701261774633325	0.09781083510288431	0.06652750918093943	0.04326028097242693	0.02703872466696823	0.01634661579171361	0.009619536028759314	0.005541763483691477	0.0031406111423703787	0.0017577527304374146
0.2816873504114935	0.2310141289406632	0.18163670070569793	0.13629844711070807	0.09739319096892805	0.06631102241981875	0.043163185404885125	0.027003368524145227	0.016338672343164926	0.009621491547564321	0.005545985738499723	0.0031443895361968114	0.0017604682221834646
0.2792977473067117	0.22917102786049548	0.18032460191487104	0.13544870158071362	0.09689969213068123	0.06605836681877932	0.04305264438449103	0.0269655238595534	0.016332399773392542	0.009626015172332116	0.005552434406348421	0.0031497665310621713	0.0017642253587309598
0.28242314326490486	0.23131892839152368	0.18158395833789787	0.1360039659518451	0.09698579311737973	0.06589850249264802	0.04281166210330332	0.02673718690943004	0.0161538363553872	0.009501189255197615	0.005471392172928766	0.003099781762836724	0.00173450035031283
0.28317367720665226	0.23215041760123234	0.18243501794776498	0.13680518733598945	0.09767824168386494	0.06644909470444967	0.04321708878728626	0.027016330797967295	0.016335548930784743	0.009614255051408185	0.005539300215775289	0.0031394757016818676	0.0017572306477784097
0.2820403843225122	0.23139206493430486	0.18201441643670038	0.13664823543766536	0.09769212657224903	0.06654694772805383	0.043336057337157334	0.027122014309387373	0.016415746103229416	0.009669383417081833	0.005574723964953107	0.0031611775470232833	0.001770077701858933
0.28210110650953074	0.2316297321909355	0.18238031699131654	0.13707596620525908	0.09811458717082612	0.06691401698135598	0.043623476450305794	0.027328731370532967	0.01655460551809432	0.009757777984819993	0.005628704737510791	0.0031931167959041275	0.0017885310388572667
0.28574438167489286	0.2343990990567287	0.184308431585213	0.13828163233879598	0.09877504548690894	0.06721753580848394	0.043727122859648776	0.02733933240449203	0.016532349775516483	0.009730554828249452	0.005606433869303075	0.0031775497247912713	0.0017785420052847062
0.28264250738074975	0.2319854268483957	0.1825695458708481	0.1371362834599643	0.09809270524699522	0.06685342642652459	0.04355538290135725	0.027269881225152472	0.0165105255923501	0.009727691898927741	0.005609453895933666	0.0031813542939387743	0.001781579933478725
0.2789464297917857	0.22868080013771264	0.17975007156834988	0.13485823109078088	0.09635770851710962	0.06560852710907335	0.04271089046740922	0.026724731126025494	0.016172947869894008	0.00952553144701603	0.00549151107409333	0.0031139053821423496	0.0017435833118242374
0.28018359827955847	0.2298197138023316	0.18075087305293883	0.1356903620363468	0.09700865870972494	0.06608695640778309	0.04304226150253901	0.02694240646812674	0.016309671020770525	0.00960834154000176	0.005540253093043352	0.003141970565951058	0.001759475794833534
0.2841945338029981	0.23298371876900806	0.18307517844633056	0.13726507034100943	0.09798657728376704	0.06664269152255566	0.0433318747453048	0.02708134591391809	0.01637117227609847	0.009633358321892396	0.005549422089682809	0.0031448115219807416	0.0017600417744661916
0.27875171878948224	0.22862690865199264	0.17981062592394975	0.1349931249800402	0.09652318241691579	0.06576864465668375	0.042844326938615895	0.02682453744453247	0.01624175219483262	0.009570113468602905	0.005519075396722347	0.003130358309168113	0.0017531491472278797
0.2835912016483966	0.2324606101005386	0.18264359066533406	0.13692842538306843	0.097739099879384	0.06647105724685609	0.043219025714354466	0.027010476247686828	0.016328301468699867	0.009608174291623046	0.005534954460881321	0.003136637496084536	0.0017554799561200487
0.28580893893286224	0.23454041012201965	0.18450327436376876	0.13849903379898953	0.09898432505597986	0.06739643462774174	0.04386563540259267	0.027438146112704204	0.016598328249066794	0.00977236679001773	0.005631881881912705	0.003192568996505952	0.0017872033782228515
0.2864233849642166	0.2350236794908745	0.18485657916878656	0.13873660259048692	0.09913018437626002	0.06747791583544666	0.043907012845005186	0.02745721435976991	0.01660622999556012	0.009775218231157757	0.005632681908053006	0.003192644272899548	0.0017870812608614362
0.28230789932300704	0.23142380210820784	0.1818574133540449	0.13637282236915693	0.09737406317606973	0.06624742311393371	0.04309022004348033	0.02693989542744822	0.01629100854073059	0.009588925384041349	0.005525139481546657	0.0031316505324578037	0.0017529399396888114
0.2857177582963062	0.23404783901843915	0.18371856331853154	0.13757159933222537	0.09806491215089015	0.066597161833201	0.04324042121395432	0.02698921079024358	0.016297292033851097	0.009581048079201999	0.005515211814038328	0.0031236173286867414	0.0017474019444909744
0.28596458896531435	0.23458359485701136	0.1844547408195099	0.13839080696084835	0.09885155334752943	0.06726803195841834	0.04375873339779096	0.02735828143398045	0.016543338242957152	0.00973677608479488	0.005609898351461004	0.0031794578844463986	0.001779585472560541
0.2822845309711813	0.23151150274249782	0.18202852687876653	0.13658870545913943	0.09759500862517054	0.06644312482943017	0.043245180543091045	0.027052107597955902	0.016366709278489214	0.009637248363420345	0.005554703552891468	0.003149164680813011	0.001763067634965958
0.28355966129462024	0.23249853663501693	0.1827345680354178	0.1370491493418823	0.09786537505718551	0.06658419237723723	0.0433092022292841	0.0270760393588465	0.016372644098666546	0.009636526623878868	0.005552319364516519	0.003146932273482326	0.0017614360082705738
0.28587098176833103	0.23428062495938415	0.1840018184258201	0.13786832177280703	0.09833994674890251	0.06682647826367988	0.04341491026388436	0.027112145180966017	0.01637863168937348	0.009632251001142024	0.005546222287668824	0.003141853226217121	0.0017578902210293723
0.2810402102936216	0.23084745012499358	0.18186083476664083	0.1367762034403622	0.09797428823353684	0.06687170969060625	0.043629945223691846	0.027352356532292402	0.016579230304378544	0.009777360668100737	0.005642359451330941	0.0032019160608413623	0.0017939154561470794
0.28242314326490486	0.23131892839152368	0.18158395833789787	0.1360039659518451	0.09698579311737973	0.06589850249264802	0.04281166210330332	0.02673718690943004	0.0161538363553872	0.009501189255197615	0.005471392172928766	0.003099781762836724	0.00173450035031283
0.2844091091476884	0.23345952737826864	0.18373329405279692	0.13800035896555354	0.09869493556626246	0.0672485520724463	0.04380117779681014	0.02741627714474249	0.0165948858581093	0.0097751723846816	0.0056357554479603035	0.003195774958288045	0.0017894360913403486
0.28391187133902707	0.2328840262037261	0.1831259839738914	0.13741573470902896	0.0981811569311558	0.06683478130469912	0.04349350486888762	0.027202848909026387	0.016455160596557425	0.009687859006589021	0.005583146009637301	0.0031649498646878875	0.00177175311472868
0.2805449443472232	0.23024596428509672	0.18120623720620854	0.13613247989732016	0.0973996753685687	0.06640342311876309	0.043278514632031674	0.027106816010382638	0.016417581016363616	0.009675910543829777	0.005581030282726593	0.0031658920015267982	0.0017732111985290476
0.2799936928177561	0.22956564801859394	0.18045936844980695	0.13539450815227114	0.09673931048823492	0.06586466353364456	0.04287406822352119	0.02682425683372664	0.016231607875124	0.009559229798093065	0.0055105138035650555	0.003124481492510325	0.001749415866490036
0.28245021244790763	0.2316800383388808	0.18219039958438601	0.13673406570938823	0.09771632710585083	0.06653715119710688	0.04331313395885926	0.02709826186433742	0.016396457579016487	0.009655625190617766	0.005565682758991171	0.0031555576243384466	0.0017667181794657908
0.28469006851638545	0.2335845596550236	0.18372768109753182	0.13790494305062856	0.09855583771329562	0.06710491605075333	0.043677481254905025	0.027321990043539208	0.016529121353834848	0.009732236086146904	0.005609074107263197	0.003179794007544443	0.0017801223574131699
0.2857245813327543	0.2344692716419376	0.18444641888343805	0.13845622393368914	0.09895402075615747	0.0673762167941571	0.04385283904712932	0.02743039256458303	0.016593786810570374	0.009769772519138067	0.005630426038347692	0.0031917620006733922	0.0017867597825943677
0.2820075842337555	0.2317195284531401	0.18261156849799806	0.13738844339110415	0.09844490072276223	0.06721233806525923	0.04386283180991029	0.027503710962683583	0.01667348107759757	0.009834058452504934	0.005675555183732785	0.0032209520875337897	0.0018046616360028584
0.2830022757350263	0.23203227192987858	0.18236538774201572	0.1367740854303351	0.09767288444995077	0.06645730647471569	0.04322986019230722	0.027028523546575617	0.016345112738641466	0.009620950352587023	0.0055436503473678105	0.0031421598499802085	0.001758827230836126
0.2821817993686738	0.23117232943940674	0.18152013387855684	0.13600165297529168	0.09701977285452867	0.06594629055732787	0.042858004228055975	0.026774710354787287	0.016180940823932875	0.009519276254901747	0.005482793895315896	0.003106677448579476	0.001738546261584811
0.28382272651861395	0.23266135386756362	0.18280921935708824	0.1370576254250908	0.0978340854044058	0.06653693861336601	0.04326234644150467	0.02703768429132701	0.01634476166003474	0.009617844379778188	0.0055405100428633156	0.0031397764883842245	0.0017572318578808726
0.2850833502841382	0.23426608017908201	0.18460309239160655	0.13885053105661962	0.09945050195487731	0.0678622129627336	0.04426044008846248	0.027736435806487172	0.016805272223642656	0.009907014614463977	0.00571536432230226	0.003242493788843091	0.0018162682446290987
0.2817547354043766	0.23129237894341673	0.18206781769463284	0.13680344140490786	0.09789232207084493	0.06674478660184638	0.04350280722085114	0.02724759364381671	0.01650269895241525	0.009725890165454665	0.005609731172472035	0.0031821021837844373	0.0017822553526385706
0.2822901421667111	0.23177463350886832	0.1824824877975502	0.13714112788375457	0.09815147018564044	0.06693203970062984	0.04363062221713685	0.027330538481667672	0.016554284417107535	0.009756889636834501	0.005627865776395351	0.0031924946735646244	0.0017881191748664194
0.2806464828497047	0.2299274331741871	0.1805715493423743	0.13532688629192072	0.09657264391899742	0.06566937333517141	0.04269636654119593	0.02668473116926677	0.016132542795118294	0.009493809714376984	0.0054695487962692375	0.003099815767007165	0.0017349874009917662
0.2846458948663356	0.233431580624816	0.18349639130168552	0.13763674481778412	0.09829233053557344	0.06687689130366999	0.04349954067541328	0.027194376235589502	0.016443600234540237	0.009677898975745614	0.005575941482723038	0.0031602130806368555	0.0017688193429101484
0.28314531234294776	0.23216490087424257	0.18248270539046232	0.13687219091783062	0.09774999042396833	0.06651418479060418	0.04326936326538684	0.02705452434598863	0.016361467070599434	0.009630865685520408	0.005549490623693222	0.0031455243025857362	0.0017607330976808382
0.2803215248014852	0.23004228438093086	0.18102893950797957	0.1359863521560555	0.09728625814583058	0.0663206276315304	0.04322149291120684	0.027069531817835394	0.016394249063921073	0.00966181990423507	0.005572755161319552	0.003161135456227951	0.0017705212169241266
0.28146308847361773	0.23099290670496367	0.18177784633140065	0.13654121850139012	0.09767213982574917	0.06657325047137909	0.0433782959022694	0.027162721678010635	0.01644783793099207	0.009691923286009	0.005589402125923575	0.0031702491939132973	0.0017754801272457323
0.2850244457707223	0.2339612876898231	0.18411819483656452	0.13827627938335194	0.09887936171164712	0.0673638535131678	0.0438691578414361	0.02745451625407924	0.01661567273847944	0.00978622512847886	0.0056415616925502695	0.003198810785593284	0.0017910236328834942
0.2816098250555532	0.23069831491478865	0.18114899033960127	0.13572869782664582	0.09683152974962655	0.06582415240456523	0.04278287578554803	0.026730447394285383	0.016155690290657092	0.009505191915193733	0.005475052340741263	0.0031024603923294246	0.0017362610006698936
0.28485115425579755	0.23380278654504374	0.18397982688106135	0.13816197433520438	0.09879049616083162	0.06729891268760615	0.04382440800055177	0.027425250314063305	0.016597358809092414	0.009775166381883952	0.005635068227352886	0.0031950789704175823	0.0017889134900236562
0.28739309392411466	0.2356067805209183	0.18510143746547927	0.13873030250122587	0.09897662469388535	0.06726997557642003	0.043707654120101115	0.027296616932638698	0.01649054493756107	0.009698149466054629	0.005584151802213051	0.003163315289796202	0.0017698819810408224
0.28354016259379644	0.2324906689320984	0.18273634454489904	0.13705743150386965	0.09787666804249313	0.06659557166088512	0.043318877113633546	0.02708335650318408	0.01637772141520958	0.009639829698246654	0.005554366790278326	0.0031481563848673104	0.001762148496701716
0.28516759871177466	0.23388001115366777	0.18386278206466092	0.13791953167964283	0.09849793657271821	0.06701792414704544	0.04359129785217971	0.027251447205388146	0.01647783247068301	0.009697864333456445	0.005587343517718305	0.0031666246393452246	0.001772384265352047
0.28786556051992335	0.2362765199053485	0.18589229763395493	0.13954606016702742	0.09972631164867053	0.0678919941262639	0.044179612647425766	0.027628575602914235	0.016709965879746665	0.009836188764723766	0.005667721048200666	0.003212446115798913	0.0017981344438028834
0.28322712609685397	0.2324999059261007	0.18300116314190862	0.13747906354321685	0.09834939620602341	0.06703470109797016	0.04367659733650359	0.02734715649585292	0.016557876247077562	0.009755805156863185	0.00562574326784519	0.003190619901495952	0.0017867780404733989
0.27797278212612125	0.2280594600600483	0.17944080445050634	0.13478661525056462	0.09643332258536932	0.06574870495917805	0.042857550027971536	0.026847827817295316	0.016263741927123456	0.009586938343122626	0.00553057550140468	0.003137682541434119	0.0017575976641141624
0.2832608541245425	0.23234309229367878	0.18270115072725807	0.13710223481589728	0.09796418069456983	0.06669349865135916	0.0434063062707481	0.027151316409503384	0.016425683617448485	0.009671379458000376	0.005574070685042921	0.0031599986550306914	0.0017690667319182765
0.28365245996397104	0.23273759847065456	0.1830770780470666	0.1374376823738604	0.09824274679495235	0.06690855101984962	0.04356125173506845	0.027256308142432423	0.016493232831456973	0.009713050186336844	0.005598940906135039	0.003174468701655502	0.0017773246903401052
0.28563657875380927	0.2338903907648316	0.18350931543740284	0.13734255936038214	0.09784720137618814	0.06641279523389314	0.04309871635828691	0.02688870159695994	0.016230484483192986	0.009538858867301474	0.005489602983686258	0.003108533815665874	0.0017387167875351662
0.28257042167881646	0.23193656027833578	0.1825417202079993	0.13712503166847662	0.09809235711387887	0.06685861337240455	0.0435621673669831	0.027276061206552214	0.016515274982896264	0.009730981310463717	0.0056115778441216185	0.0031826597747411007	0.0017823545166803045
0.2834975621368916	0.2324180200404552	0.1826437369579139	0.13695794702780642	0.09778297275936104	0.06651657942246873	0.043258279349178315	0.027040399896181844	0.016349166044892817	0.0096217903055154	0.005543412061062074	0.003141701367282906	0.0017584303149311778
0.284450994616253	0.23334013315821783	0.18349195528115636	0.13769258716805913	0.09837818117262952	0.0669669905466688	0.043577685145936906	0.027254155830486886	0.01648537788372926	0.009705205478703762	0.005592921621643093	0.0031703876675116443	0.0017747506870398936
0.2851755869243173	0.2340007213896845	0.1840666609759144	0.1381657093545395	0.0987447792030686	0.0672340662950433	0.043761222280497815	0.02737390964621957	0.016560174698481468	0.00975030257126394	0.005619370317410599	0.003185573969751081	0.0017833317905924892
0.28215923346153793	0.23159706535064892	0.18227710133679076	0.13693150084072356	0.09795980511207635	0.06677332459053875	0.043510213439311475	0.027245779540518024	0.01649819332435929	0.009721558350518782	0.005606451727124101	0.0031798930125734102	0.0017808669329887994
0.28574997661334345	0.23409981983670425	0.18378338105897754	0.13764036911808794	0.09812913144784523	0.06665095473620063	0.043281475737327095	0.027018193169297135	0.016316494342242575	0.009593147223567933	0.005522544369366701	0.0031279313063999415	0.0017498839392049298
0.2861411829969352	0.23467045458191718	0.1844656875918595	0.13834863580816598	0.0987822596032217	0.06719387517449628	0.04369384699048003	0.027308410199542138	0.016508389630799453	0.009713894686566471	0.005595654608770444	0.0031709169310636435	0.0017746040980063616
0.2807342239775657	0.23008333687619686	0.1807730583382015	0.1355447664109852	0.0967785748711052	0.0658433668605491	0.04283003859540083	0.026779588907300457	0.016195649693811917	0.009533700960341054	0.005493784941155287	0.0031141020132348447	0.001743218782514152
0.2845643280600555	0.23344379698103795	0.18358243820435077	0.13776731071026885	0.09843624800933971	0.067009402067158	0.04360689473124837	0.0272732491866095	0.01649732098905284	0.009712414747004038	0.005597153596833471	0.0031728192853599044	0.0017761254182441719
0.28046573501907096	0.23001818827949136	0.1808724915370289	0.13575009035956692	0.09702601429448834	0.06608084844022612	0.04302698991181102	0.02692642226703179	0.016296637248862482	0.009599023848452208	0.005534121413898358	0.0031381556149721016	0.001757193784244184
0.28735326077160084	0.2359590356262267	0.18574684549212112	0.139530247601261	0.09978869734795875	0.06798588505794732	0.04427272924727478	0.02770485020298857	0.01676545129030759	0.009873386504767668	0.005691244245145139	0.003226704338823341	0.0018065133335957743
0.2818478149540788	0.23120555367521956	0.18184256806209054	0.13649912127161234	0.09757107166244462	0.06645515501467171	0.04327083560584911	0.027078288345630055	0.01638783977161054	0.009652271988402584	0.005564557374707284	0.0031552821876844627	0.001766721597769887
0.2847784079443106	0.23357937974323703	0.18364846637933607	0.13778052372789784	0.09841702292279056	0.06697631992997627	0.043572920610707645	0.027244989450058914	0.01647659255079733	0.00969844872153463	0.00558829329146929	0.0031674371377467783	0.0017729578599821058
0.28230126502177766	0.23145510757556603	0.18191712340156768	0.13644765352061008	0.097450399713862	0.06631490494775555	0.043143582736464695	0.02697850075880258	0.016317034605480354	0.009605530485354194	0.005535294689452503	0.0031376649390412524	0.0017564171028712269
0.28542564873680554	0.23433699242671746	0.18445379711429927	0.1385595588498208	0.09910392286145694	0.06753076113370668	0.04398582429026628	0.027531710946277172	0.01666443200236475	0.009815884009435106	0.005659075195304805	0.0032089191743945463	0.0017967579553299386
0.28708491916747825	0.23535711828726705	0.1849115852879326	0.13859571883025668	0.09888789606213193	0.06721539562386515	0.043676062859218885	0.027279203330675926	0.016481280286503558	0.009693330427568262	0.0055816743771849855	0.0031620460991675214	0.0017692304294893966
0.28509594774421637	0.2340021003809997	0.18413242502007807	0.13827109721588987	0.09886321271120392	0.06734420878102693	0.04385100109343783	0.027440138388879015	0.01660541091867905	0.00977942545146985	0.0056372940964827326	0.0031962371406418547	0.001789516491170811
0.278692085928752	0.2285701519585926	0.17975914209452173	0.1349490485186301	0.0964877961122448	0.0657420502556415	0.042825561369234086	0.0268120229250334	0.01623379690551987	0.009565249839534754	0.005516191997703219	0.0031286889716573953	0.0017521999465212258
0.28233759194164376	0.2317328845824915	0.18237194438897877	0.1369910965519518	0.09799272345103346	0.06678869608029343	0.043515684735307904	0.027246578265156023	0.016497286888687953	0.009720339127177598	0.005605429068118168	0.003179170080911678	0.0017804001421639344
0.2819121401573775	0.23154019543618728	0.1823746685453403	0.13712880466502328	0.09819695682324153	0.06700105771991029	0.04369935394438161	0.02738701795442882	0.01659547818690613	0.009784565999922572	0.0056453983662523065	0.003203136412637072	0.0017943794993336064
0.2848655038279977	0.2333741988317776	0.18322255246532218	0.13723450239093685	0.09785457317119747	0.06647671532829534	0.043176874697972864	0.026958116682393823	0.016283084311520025	0.009574958668032096	0.005512765932411235	0.0031227070953729823	0.0017470989828439626
0.28572394945455265	0.23448577199947446	0.18447567695157494	0.13849213701274474	0.09899033019089105	0.06740816895562855	0.043878041385335395	0.027448596847847406	0.01660604688840724	0.009777589200908966	0.005635204113425097	0.0031945907792056165	0.0017883947715321283
0.28404404007270645	0.23306402285296027	0.18333445149934596	0.1376284870687128	0.09837549892793648	0.06699548793571773	0.04361523087742943	0.02728840053227355	0.016511695682865316	0.009723426690140919	0.005604681904675401	0.0031776132266531565	0.0017790363973577935
0.28450612393250035	0.23334031502703204	0.1834484875872819	0.13762224784777746	0.09829894191509325	0.06689325078232765	0.04351757794878137	0.02720982511187279	0.016455107090978263	0.009685722471104965	0.005580933475288422	0.0031632570259266784	0.0017706154709130875
0.284806102239906	0.23355685863403483	0.18358727430005478	0.1376972198165844	0.09832892359505548	0.0668969086960457	0.043509387213213464	0.027198683738840802	0.016445222085513436	0.009678367470198004	0.005575984154299653	0.0031601354542800096	0.0017687317191537372
0.28381254540811823	0.23287194476855366	0.1831838628301181	0.13751759944893943	0.09829894836585587	0.0669457896304895	0.043584657802454976	0.027270394904862483	0.016501431993911696	0.009717707556043391	0.005601541810543224	0.0031759045671461697	0.0017781113636632393
0.28196969408121664	0.23144788798506924	0.18216786759369152	0.13685785252103772	0.09791440912796637	0.06674782734380158	0.04349716964108457	0.02723970521553868	0.016495634766973927	0.009720607052798825	0.005606164192072808	0.0031798472327704734	0.00178089230608181
0.2824167515213968	0.23171038614681339	0.18226981914803397	0.13684148363997312	0.09782971112452474	0.0666393234744274	0.043394911635752896	0.02715790716703599	0.016436896701687347	0.009681530574441198	0.005581571972131173	0.0031649878992780376	0.0017721785928426915
0.28086938701941316	0.23038891010491652	0.18119749606151028	0.13601971276758304	0.09723649063685354	0.06623525133446838	0.04313375742735861	0.026996459731096295	0.016340577885196352	0.009625613217630037	0.005549760574696974	0.0031471554337662226	0.0017622879243386082
0.28767689621005904	0.23647163823020695	0.18638350839890594	0.14020648380584075	0.1004223626113263	0.0685190198054142	0.04468148004696553	0.027994631959537313	0.01695814923229365	0.009995168066432795	0.005765224683608075	0.003270309885463099	0.0018316366357784219
0.2806602981809008	0.23040749211469383	0.18139602077903333	0.13632795152928173	0.09757944406865028	0.06655288555808896	0.04339223222678701	0.027187036649317695	0.0164707544515748	0.00970944484261197	0.005601373880300536	0.00317787200472476	0.0017801092465682476
0.28394246667520445	0.23264074507312987	0.18267855552399054	0.13686108605739586	0.09761837168315154	0.06633891241307381	0.043102285351601474	0.026920303367039645	0.016264928746707832	0.009566609234230873	0.005509050004703391	0.003121092243015254	0.001746408498217542
0.28351973714396084	0.23237294513468484	0.182547774403927	0.13683411996042813	0.09765502929553965	0.06640271878651774	0.04316790042418393	0.026974868881121723	0.01630492792379023	0.009593541857319494	0.005526126922063493	0.003131460749608989	0.0017525084709906764
0.2826625196436982	0.23156191965678483	0.18181675524070356	0.13621241080304713	0.0971592202700405	0.06603249380178984	0.042908212710499244	0.026802592697563306	0.01619589958985928	0.009527126637037623	0.005486866273713165	0.0031087820023176943	0.001739635386638797
0.2828540373575805	0.2322501163268077	0.1828626530414724	0.13742762928023644	0.09835453888117904	0.06706772459518906	0.04371663514415797	0.02738273173735019	0.016584894122578832	0.00977439347816541	0.005637696579611502	0.0031979474611627512	0.0017911179233908424
0.2818072282103794	0.2312252438247026	0.18190909472451366	0.1365930701464806	0.09767199112122228	0.06654694733080856	0.04334472375602381	0.02713238097130776	0.016424608530682908	0.009675868898709446	0.005579049522364928	0.0031638914111435253	0.001771710018587275
0.2844091091476884	0.23345952737826864	0.18373329405279692	0.13800035896555354	0.09869493556626246	0.0672485520724463	0.04380117779681014	0.02741627714474249	0.0165948858581093	0.0097751723846816	0.0056357554479603035	0.003195774958288045	0.0017894360913403486
0.2819491284838633	0.23122191407718268	0.18179063955705724	0.13640395908041805	0.09745977404390871	0.06634971263601341	0.04318398962734154	0.027013806309009732	0.016343606102373346	0.00962370925876143	0.005546940977085048	0.0031447858401885687	0.0017606268867191043
0.28242965035553563	0.23122015690411557	0.18140736190595183	0.1357872888486935	0.09676726983833478	0.06570679432246215	0.04266091173118425	0.026628591326059624	0.016080866042922328	0.009454749917063313	0.005443045480994886	0.003083017683788833	0.0017248188533963715
0.28141630756090524	0.2311040220714986	0.18200879282665008	0.1368381916490801	0.0979792452946713	0.06684722349813198	0.04359642244209186	0.0273213565661306	0.01655522089655603	0.009760652629352995	0.005631537032669185	0.0031952494643377283	0.0017899537815188303
0.28264925489789194	0.23179931328221076	0.18224004299636967	0.1367320781656703	0.09768409888924419	0.06649379124121181	0.04327161031668872	0.02706480410184801	0.01637234053782932	0.009639546314302307	0.00555555067411391	0.0031494305814885625	0.0017631233236573974
0.28589327583973045	0.23447770063118029	0.18432700771473468	0.1382574714744091	0.0987280928012951	0.06716507157323177	0.04368032615471347	0.027302984146281874	0.016506713849726684	0.009713700611770144	0.005595912571696601	0.0031712285814254667	0.0017748502477859369
0.2790695175487716	0.22910522256077875	0.18039133272371188	0.13560213428058587	0.09708948501225548	0.06624288243207281	0.04320692739155947	0.027081217087154125	0.0164123139430112	0.009677874952798171	0.005584535907860142	0.0031689446235866653	0.0017753830392410264
0.2867501336094238	0.23521048907585068	0.18492219680954874	0.13871379438967457	0.09905749382553115	0.06738935522338516	0.04382519450947201	0.02739248248239396	0.016560073850421696	0.009744661208916205	0.005613518061320788	0.0031810941496424883	0.0017803206366183728
0.2829335381892264	0.2320531159950732	0.18245619232935176	0.13690635169655874	0.09781652202996419	0.06658858375797967	0.043335768265319145	0.027106135147600397	0.016397888737859214	0.009654823353595491	0.005564452839490764	0.003154516748577094	0.0017659864784701639
0.2830075193499072	0.23192917055227993	0.18218193797964544	0.13654900067798886	0.09744560183978972	0.06625758466781181	0.04307254018046771	0.026915017075822802	0.016268739451784163	0.009572291471002895	0.005513922760429049	0.003124567158503767	0.0017486619290338087
0.2797209568242987	0.22956481961829783	0.1806743587995236	0.13574252142248414	0.09713174276172659	0.06623037629636998	0.04317265850580908	0.027044842772001653	0.016382466984601825	0.009656458295367277	0.005570407569462198	0.003160139310009185	0.001770109468281154
0.284625738494938	0.2337697402567466	0.18410177538615835	0.1383822257668064	0.09904738886539581	0.06754218379446592	0.04402482132451679	0.027574115109666945	0.01669951850045831	0.009841155376792633	0.005675778321741394	0.003219339948139361	0.001803002679279651
0.2827341570853623	0.23222846834814098	0.1829204143241878	0.13753616708227312	0.09848260440218753	0.06718971475078317	0.043817513767946854	0.02745786579490706	0.016636559905930992	0.00980781785579939	0.005658341002331193	0.0032102613297937967	0.001798273797675465
0.2802350966515697	0.22992629895168634	0.18089557062434322	0.1358507374614638	0.09716257794874553	0.06621839040246713	0.04314402605898555	0.027015046927487497	0.016358213262766555	0.009639130121523499	0.005559006664346333	0.0031530462370716757	0.0017658664485465762
0.2852873872271172	0.2337089796993138	0.18347038117997372	0.1374041680362126	0.09796150660243164	0.06653879954354798	0.04321026211336288	0.026974896411241286	0.01629104768000269	0.009578563889267765	0.0055143367219700964	0.003123370296271319	0.0017473716052109382
0.2808818796206882	0.23058084240262844	0.181521922843777	0.13641187371759253	0.09763032548657848	0.06658076574011275	0.04340595379589345	0.027193027154639633	0.016472991944785347	0.009710073066038407	0.0056014123796853214	0.003177748385432241	0.0017799767694921193
0.2819192444103061	0.23135711474850434	0.18204979934042556	0.13672956395642677	0.09779262502801944	0.06664452192770867	0.04341752588334176	0.027183018757661093	0.01645782990884154	0.009696663051995803	0.00559159473463837	0.0031712491059825336	0.0017759339117403058
0.2834869704407518	0.23262924267517104	0.18301986582313576	0.13741997001272635	0.09825009999639146	0.06692758413930812	0.043582409153186674	0.027274502088180556	0.01650681893655723	0.009722303929100567	0.005604853217928155	0.0031780772982926055	0.0017794555178600585
0.2850244769034259	0.2341133447036584	0.18438341151407023	0.13860040630580558	0.09920666259408276	0.06765188170405875	0.044096467156674264	0.027618830570843324	0.016726418060360345	0.009856881578722188	0.005684776470081331	0.0032244072336693715	0.0018058233517195773
0.2845635795334158	0.23332144750065367	0.18337005128254286	0.13750860209124807	0.09817579888556131	0.06678086056696761	0.04342700238308022	0.02714350630704655	0.01641004199893895	0.009656815113164106	0.005563188667562577	0.0031527202043520044	0.0017645124154963513
0.28433329921851047	0.23327603671004127	0.1834738459964867	0.1377075239348209	0.09841113877090436	0.06700485603775791	0.04361187660106324	0.027280896884097877	0.01650432053830271	0.009717696053221949	0.0056007350328864695	0.0031750888582358847	0.0017774992653806256
0.2856973326022676	0.23447208042947154	0.18447299498323375	0.1384972551065813	0.09899955186765383	0.06741829632126765	0.04388701292737529	0.027455542568415963	0.016610937325234006	0.009780801427559625	0.005637208307031153	0.00319579451988807	0.0017890976659639063
0.2815121242761808	0.2312044448410668	0.18210764499123552	0.13692877560218938	0.09805611741541945	0.06690761982606373	0.043640555049711885	0.027351596162230558	0.016574846388320748	0.009772840967725648	0.005638848652492811	0.0031995199884886144	0.0017923980108181573
0.2818774675626313	0.23092886920109817	0.18133786251232614	0.13587492303634335	0.0969382144004509	0.06589760266250222	0.04283084286888997	0.02676038980747044	0.016173709748355643	0.009515731874411976	0.005481086286570163	0.003105860130388201	0.001738154297055514
0.2835700845124685	0.2326996630193747	0.18307647607806565	0.1374628911319505	0.09828072213691924	0.06694818711837042	0.04359556209617719	0.02728253854843278	0.016511562548317753	0.009725032247509088	0.005606393209231746	0.003178935039197444	0.001779928825896787
0.28003841637099797	0.22949636604770496	0.18030349218872108	0.13519060785080145	0.09652725939223845	0.0656751748940715	0.04272320201262958	0.026714607699889818	0.016157445852310253	0.0095118015038481	0.005481457989540655	0.0031072514096400525	0.0017394451743953504
0.28369540541899896	0.23265660728441592	0.18290194351416997	0.13721055619009329	0.09800732690929957	0.06669852744424735	0.04339420273432146	0.027134982854781487	0.01641121843007439	0.009660623252158735	0.005566834251702522	0.003155434900220592	0.001766312694487348
0.28676400132526386	0.23547796016230968	0.18537737558063994	0.13926508966649584	0.09961127571368526	0.0678748496653397	0.04420719869566159	0.027667951407665876	0.016745372028035735	0.009862698675979642	0.00568562382340203	0.003223762757749826	0.0018049736924076506
0.28160683944058323	0.2311040669465725	0.1818572523078688	0.13659288666584063	0.09770235319270539	0.06658888797054532	0.043385274669703655	0.027165225595668026	0.016448362696437673	0.009691742306567826	0.005589068564220203	0.0031699573134003935	0.0017752721002610155
0.28344746397349196	0.2323011335594014	0.18248016903128852	0.13677442680801388	0.09760590457490162	0.06636508280796471	0.043140954005702864	0.02695670262866483	0.01629328721276189	0.009586383245634699	0.005521864720149382	0.0031289854162590267	0.001751097745982681
0.2793972131234149	0.22905156427000087	0.18003781074087302	0.13506766591724742	0.09650042100592889	0.06569986738399095	0.042766234052152706	0.026756820221869444	0.016190959428482234	0.009535422094497844	0.005496869772230941	0.003116787549300822	0.0017451284017052176
0.2845808866476581	0.23312433021611623	0.1830136271726935	0.13706927012297435	0.0977314239239339	0.06639017555609926	0.043119281983944414	0.026921558148891238	0.0162607651780055	0.009561747217451611	0.0055051293568165564	0.003118371441551154	0.0017446701212759778
0.2832258249457671	0.2323228911361051	0.18269379442428663	0.13710427346414786	0.09797155844750832	0.0667026302559671	0.043414797383243796	0.027158059156365207	0.016430503264833984	0.00967457583409204	0.005576077877511308	0.00316120955653724	0.00176977601387945
0.2857587443341986	0.2345282346349257	0.18452199582174836	0.13853771239682042	0.09903098491903149	0.06744125103207278	0.0439028199017575	0.027465873625457	0.01661739867124361	0.009784701257524519	0.005639497345259247	0.0031971096475277984	0.0017898411300731904
0.2829112080635204	0.2325261114506635	0.18329881254293304	0.13794317112380228	0.09886711705306782	0.06751517077596192	0.044068215373688636	0.027636273643216497	0.016755559115156516	0.009883205945255638	0.005704225409780384	0.0032373463788048073	0.0018138964011670425
0.28589526981784047	0.23466441376019787	0.18465070240349893	0.13865179734317887	0.09912521896447454	0.06751368981143792	0.043954836017521474	0.027501026342768662	0.0166399681807749	0.009798601904772941	0.005647783414115118	0.0032019261537486413	0.0017925879363877466
0.2839156085061296	0.23278934966236392	0.1829582302092871	0.13721004820123742	0.09797342984675625	0.06665216600340168	0.043349589526086446	0.027098966546634014	0.016385235775833708	0.00964329462501879	0.005555913281426439	0.003148830635219519	0.0017624379031494204
0.28097273904186904	0.23061358090696366	0.1815067171554313	0.1363646405156882	0.09756874465744067	0.06651962202067467	0.043354272057606405	0.02715402942486556	0.0164459506600117	0.009692481276864241	0.00559050505512194	0.0031712248553688047	0.001776178498092914
0.2792980805210378	0.22906398491078167	0.18013798294373912	0.13522087718561265	0.09666983741485496	0.06585619577209322	0.04289312005476817	0.02685019958507547	0.01625465486348661	0.00957639845643181	0.005522078652352962	0.0031317815692269236	0.0017538240825562368
0.2829979665039473	0.23217325637069783	0.18261421083422694	0.13707884606659976	0.0979805810131638	0.06672782290277106	0.043443097259113495	0.027182489629964092	0.01644878077896846	0.00968703800070854	0.005584045103861074	0.003166074328809676	0.00177264935997818
0.282627866819093	0.23207256294609843	0.18273312245262968	0.1373407714150883	0.09830143461924855	0.06703826412368483	0.04370185159945145	0.027376060898190478	0.01658223752852527	0.009773515027744368	0.005637512298443815	0.0031979877429171486	0.0017912034453098971
0.28422644975813655	0.233335324554472	0.18366216951353606	0.13797113495152796	0.09869335965375435	0.06726109555020945	0.04381789646724757	0.027431591925780433	0.01660668460379886	0.009783354565238492	0.005641042381627405	0.0031990259270512017	0.0017913654919716453
0.28625295588076677	0.2346079092242304	0.1842681895323325	0.13807298910309695	0.0984880259792298	0.0669275408691969	0.0434803424258264	0.02715266066074017	0.016402838404659333	0.009646322496511931	0.005554236697490826	0.0031463501741250824	0.001760386391680426
0.2842070768928741	0.23348892789017653	0.1839456138722598	0.1383238132413124	0.09905265353235523	0.06757895452004335	0.04406963283740492	0.027614016994251818	0.0167298592690664	0.009862046254951918	0.005689219462215785	0.0032275826255002064	0.0018078858376708116
0.28031642476331553	0.22991020236644227	0.18080299313842396	0.135712214573094	0.09701050897969028	0.06607852284870533	0.04303068698100132	0.02693171177934195	0.016301398372211538	0.009602591462786728	0.005536532268533946	0.0031396803682013984	0.0017581156687019677
0.28354183780221814	0.232553808786613	0.18284490269112458	0.1371892446311271	0.09800916914496265	0.06671175007874183	0.04341028871292638	0.027149272684120505	0.016422060697694415	0.00966807508779636	0.005571621798254949	0.0031583675148798437	0.0017680485464673383
0.28682091732594484	0.2352043314944142	0.18485524842890622	0.13860993530284976	0.09894218738407516	0.06728286477735727	0.043738807663524525	0.027328983137479525	0.016516820287188958	0.009716873177641527	0.005596443254338887	0.0031709484126022187	0.0017744414471667876
0.28266375531764626	0.23160161818718222	0.18188475187800618	0.1362947592781227	0.09724180544143793	0.06610474978516902	0.04296495619675276	0.02684344283742745	0.016223340804189017	0.009544588653184112	0.005497524816206285	0.0031150854460684943	0.0017432757876586498
0.28252041476473605	0.2316980309480551	0.18216600047408504	0.13668225693446348	0.09765345977252893	0.06647662401310347	0.043262849325565504	0.027060734004068162	0.016370630383385536	0.00963891230842702	0.005555359982572472	0.003149400874868487	0.001763140751295358
0.2824769841099339	0.2314672176824265	0.18179899130145563	0.13624876386493562	0.09722371780724712	0.06610289194881902	0.04297032452386116	0.026850536014810748	0.016229580253822186	0.009549211924393577	0.005500628421840425	0.003117039923402118	0.0017444540399176288
0.2837040906532556	0.2328271892114539	0.18319211989941245	0.1375618439950246	0.09836010391226226	0.06700778779499851	0.04363757148548779	0.02731052281646297	0.01652933303724427	0.009735886499290964	0.005612823093938492	0.0031826552271329847	0.0017820430870196349
0.28414901005789156	0.2328582003135087	0.1828929848930622	0.13705746449013592	0.09778463309566296	0.06646909057871694	0.043197038681807944	0.026984978766631848	0.01630675719580722	0.009592509772802033	0.005524549879630792	0.0031301280086630293	0.0017515724478054237
0.2800982517389468	0.22972524427632046	0.1806541538873584	0.13559919371065843	0.0969297117312178	0.06602403132688808	0.04299580880676195	0.02691034489615129	0.016288754713431636	0.009595302996489962	0.005532410347491142	0.0031373808639485173	0.0017568451436833345
0.2847581413286636	0.23350382461588767	0.1835330390946758	0.13764617252125064	0.09828480073876099	0.0668618145471693	0.04348353705032639	0.027180879924091895	0.01643362951987342	0.009671152911491737	0.00557165042743139	0.0031576020235444422	0.0017672808718476828
0.2821498194283051	0.23157117065426844	0.1822394594335762	0.13688849550035195	0.09791783381859981	0.06673711335617401	0.04348198712238472	0.027225539570935323	0.01648462543876157	0.009712933852257386	0.005601190335374472	0.0031767822581208163	0.0017790706099255044
0.2821498194283051	0.23157117065426844	0.1822394594335762	0.13688849550035195	0.09791783381859981	0.06673711335617401	0.04348198712238472	0.027225539570935323	0.01648462543876157	0.009712933852257386	0.005601190335374472	0.0031767822581208163	0.0017790706099255044
0.28485005139498	0.2335202221689314	0.1834886592560042	0.13756326534702512	0.0981874377428113	0.06676949778605422	0.04340753102253564	0.027124494537179893	0.01639498771777823	0.009646224105054394	0.005556287677924225	0.0031484545384803577	0.0017619721851258093
0.28318001813239996	0.23228906001268607	0.18267126566430358	0.13709119468585673	0.09796534006377296	0.06670063652627742	0.04341492305154489	0.02715895275533318	0.01643147183523937	0.00967535581091642	0.005576624764471896	0.003161562974850936	0.0017699926170522372
0.28426579481781117	0.233198205337784	0.18339193239813736	0.13762882941192897	0.09834209141791128	0.06694932140765471	0.04357062599457469	0.02725230659581725	0.016485616141009064	0.009706014069967326	0.00559369912857547	0.0031709676551893553	0.0017751356764920234
0.2828661685556253	0.23170605300352132	0.18190608545360476	0.13625749907413603	0.09717388295433835	0.06603011735111955	0.04289892377317691	0.02679240056248137	0.016187454422476256	0.009521045808370618	0.0054828500589951664	0.0031062782341809833	0.001738135961622271
0.27914811972652726	0.2289930256391443	0.18013343374695567	0.13526243229229437	0.09673453283597458	0.06592444195228006	0.042952518578958446	0.026895766326148964	0.01628657365696035	0.009597300770076074	0.005535096315638067	0.003139591212108058	0.001758381011323968
0.2863438314721244	0.23470794049892865	0.184370110711863	0.1381686127700152	0.09857043907079345	0.06699291707636817	0.043528384739165385	0.027185681482641506	0.016424302555990387	0.009659662104812384	0.0055622409236251395	0.003151025348007167	0.0017630620343454617
0.2835557599458697	0.2324584936076773	0.182668000903364	0.1369692646851354	0.0977855556305183	0.06651446389815989	0.04325447490059009	0.027036645538996915	0.01634617936548388	0.00961968371115272	0.005542037234908694	0.0031408506561958656	0.0017579233431146847
0.2825058662570758	0.23166309251488704	0.1821167395845538	0.13662676716828268	0.09759976922616148	0.06643058149058188	0.04322712257936173	0.027035205515205184	0.016353563728194485	0.009628086419823509	0.005548766126211762	0.0031455069953441276	0.0017608942353421952
0.28257743718292255	0.2317494201795854	0.18221019400648172	0.13671823581720569	0.09768105303864842	0.06649654451492275	0.04327643326681141	0.027069540744861422	0.01637610279063544	0.009642198473838345	0.0055572812510830145	0.003150501398969368	0.0017637614874730868
0.28252258523432017	0.2315594631322268	0.18192323582106365	0.13638576190905075	0.09735462870666703	0.06621423405876387	0.04305622030710316	0.026911653373990343	0.016270311455475094	0.009574988842403223	0.005516301534201989	0.003126283512138756	0.0017497819238192255
0.2829438887217842	0.23216386149680515	0.18264081848028302	0.13712833704744096	0.09803872073650909	0.06678302630785442	0.043488625476362355	0.027216323198381232	0.016472003726938945	0.009702039669566181	0.0055933001567687966	0.003171589836139151	0.001775852388135165
0.28475695189242767	0.2334253020151085	0.18339736923344288	0.13748125044066095	0.0981190072242395	0.06671650464544036	0.04336927486419971	0.0270985418006421	0.016378279192170792	0.009635912900231016	0.005550132448895776	0.00314487291852993	0.0017599280718763803
0.28417819453537774	0.23308451425070517	0.18326354986515755	0.13749978964324577	0.0982253827985539	0.06685346618527307	0.04349836948351631	0.02720169882702619	0.01645225728474476	0.009685065899264149	0.005581032409966296	0.003163526899997234	0.0017708592932353948
0.27952133192312	0.2292695044870416	0.1803185953674506	0.13537107676332683	0.09678736362255953	0.0659425998405396	0.04295298400952006	0.026889535326033012	0.01627936826372367	0.009591370046246302	0.0055308924734556505	0.0031368571809305863	0.0017566985562465635
0.2775196036847089	0.2274938524888681	0.1788158938786958	0.13416665350194204	0.09587700505349586	0.06529388414706379	0.04251555576563546	0.026608583996596522	0.016106109943273425	0.009487954717830774	0.005470714141241368	0.003102510840029399	0.0017373791741636762
0.2837079382775545	0.232953151872017	0.18340865931483863	0.13782514718779978	0.09862529783144207	0.0672408031975904	0.043821287858423694	0.027443243116703448	0.016618748812097933	0.009792919826179778	0.00564769989441792	0.0032033107724627648	0.0017939851433378341
0.28391551269618437	0.23273140124917385	0.18285750300439985	0.1370873638815051	0.0978499751528066	0.06654389444565413	0.043264410814096016	0.0270375624593917	0.01634394498357109	0.00961699923351473	0.005539853740064159	0.0031393289964510417	0.001756948733704858
0.27973940406668624	0.22962274319291007	0.18076062962100464	0.13584208993607008	0.09722947257212676	0.06631501375935792	0.043238816026132984	0.027092383162498266	0.01641438904311127	0.009676776241367136	0.005582815126915444	0.0031674808774616175	0.0017743514030009108
0.28350812667286357	0.2325052092321746	0.18278706622411633	0.13712931449084895	0.0979539156219185	0.06666578815848256	0.043375338888162016	0.02712464420865659	0.016405755786170716	0.009657804154204312	0.005565397218652142	0.003154705017874762	0.0017659410923123672
0.28600711931169387	0.23484792414599462	0.18488162558971402	0.13889857013643347	0.09935716138544408	0.06770913468078615	0.04410479570689703	0.027607377442901312	0.01671070033177963	0.009843306201404726	0.00567494118794972	0.0032179335546140796	0.0018018105653529136
0.2847775775389575	0.23372423082235422	0.18390145460573598	0.1380894814366828	0.09872859343733273	0.06725008917041479	0.04378865236776754	0.02740072212541332	0.016581431689204233	0.009765273220655946	0.005629133491349813	0.003191612932464847	0.0017869299151633553
0.2850833502841382	0.23426608017908201	0.18460309239160655	0.13885053105661962	0.09945050195487731	0.0678622129627336	0.04426044008846248	0.027736435806487172	0.016805272223642656	0.009907014614463977	0.00571536432230226	0.003242493788843091	0.0018162682446290987
0.2872899840085607	0.23593125986817873	0.18574884612656165	0.13955271163931676	0.09982107273025977	0.06801920107532525	0.044301376452844106	0.027726668112492067	0.016780660986650296	0.009883312873349136	0.00569741093813157	0.003230397135889631	0.0018086651572200702
0.28454089358136625	0.23348734614238162	0.18367692638860011	0.13788998292664534	0.09856347874121985	0.06712295371683166	0.04369723614087219	0.027338874429379004	0.016541687774548806	0.009740777713941608	0.005614523986277863	0.0031831172160683686	0.0017820833570012112
0.2827332555012252	0.23186244816630946	0.18228327135366196	0.13675840840514267	0.09769787749506154	0.06649954269348762	0.04327303709502664	0.0270643656174096	0.016371374538798403	0.009638633524808931	0.005554864630884479	0.003148970287925157	0.0017628347655883163
0.2838430663989425	0.2332183220104431	0.18376367005049557	0.13821656888596265	0.09900019076605082	0.06756070716254292	0.044068949390113174	0.027620044506447786	0.016736915650708128	0.00986787977780954	0.00569336392359055	0.0032302818093709737	0.0018095483640869327
0.2882253149796113	0.23646372748972144	0.18593222537013201	0.13948138063622684	0.09960630227564363	0.06775932734853818	0.04406181731834761	0.027537306791382596	0.016645693287838745	0.009793975958549802	0.00564138824031109	0.0031966335211434504	0.0017889027651759681
0.28543894081283755	0.2342663476447441	0.18432004456301782	0.13839200283986947	0.09893282187925052	0.06737929898821196	0.04386589065733861	0.027444843130604583	0.016605813907380695	0.009778457099775739	0.005636173250042668	0.003195349933078656	0.0017889106616859813
0.28472043561207766	0.23388455527971205	0.18422662888943656	0.13850493990559815	0.09915686975276866	0.06763135017949069	0.04409168928612954	0.027620800075448138	0.016730231014471342	0.009860417903421828	0.0056874165775235	0.003226173029182928	0.0018069284652127333
0.2820902367945292	0.23133831599083812	0.18188126936544458	0.13647016007030316	0.09750505925953384	0.06637881758731821	0.043201702687542455	0.02702412379870968	0.016349423925553358	0.009626918121948835	0.005548686617666044	0.0031457281249138887	0.0017611335918199683
0.28097273904186904	0.23061358090696366	0.1815067171554313	0.1363646405156882	0.09756874465744067	0.06651962202067467	0.043354272057606405	0.02715402942486556	0.0164459506600117	0.009692481276864241	0.00559050505512194	0.0031712248553688047	0.001776178498092914
0.28256120621530667	0.2318098162445934	0.18232822886457353	0.13686730821696752	0.0978337646916188	0.06663192690486704	0.04338371640361472	0.02714728105113196	0.016428577673863954	0.00967571056561759	0.005577791251551483	0.0031626550946791	0.0017707909043836035
0.2824225628002902	0.23198078120871563	0.18273660251101312	0.13740996475159473	0.0984028570178382	0.06714335068994769	0.04379260449844082	0.027445404122305613	0.0166307025590006	0.009805209779972991	0.0056572342532799	0.0032098126539221953	0.0017981005586041958
0.28198496131847944	0.2314261918111851	0.18211791358952004	0.136792028144601	0.09784563502372984	0.06668615101562818	0.04344792284019301	0.02720382982078098	0.016471325770349807	0.009705038864561947	0.005596616407773937	0.0031741807930723972	0.001777611260706277
0.2833557176135246	0.2324515550299654	0.182814667972905	0.13721087585653924	0.09805925234448964	0.06676982544963035	0.043462930354396856	0.027190528503949086	0.016451322233833374	0.009687385988124637	0.0055837086269291646	0.0031656429329105845	0.0017723034190617996
0.28050178268748	0.23012292760898062	0.18102621455705767	0.13592629367677486	0.09719819579148954	0.06622946287528289	0.04314284189689148	0.027009489995897085	0.016352316311385968	0.009634413182245984	0.005555709057201395	0.0031509183646231125	0.0017645633793376737
0.2831407080011109	0.2321380558625307	0.18243965247348695	0.13682117011463454	0.09769932098297443	0.06647007081377547	0.04323480970590021	0.027029683214060515	0.0163447922123817	0.00962025890300755	0.005543017749539919	0.00314169667605112	0.0017585226734325148
0.28050893251522796	0.2301992135688436	0.18115340563499427	0.13607930785618552	0.09735149682105797	0.06636376780685196	0.04324855429885599	0.0270857862517039	0.016403691741759405	0.009667173990410402	0.005575740320128095	0.0031627811564425637	0.0017714218037842206
0.28320543796673914	0.23218421626391045	0.18246863119969828	0.13683618420800606	0.097704634105046	0.06646985612471625	0.04323225846110898	0.027026717155012092	0.016342282748618476	0.009618432683703423	0.005541803958675838	0.003140936914228445	0.001758066438321388
0.28390826296871574	0.2328315137866531	0.1830374329965301	0.13730889066235594	0.09807406997916525	0.06674103561759655	0.043419813185052926	0.027149741752508887	0.0164194512507615	0.009665117085901108	0.0055692555770447145	0.003156730872773858	0.0017670045713200284
0.28405528664059104	0.23283687642239956	0.18293015908069857	0.13713206615304238	0.09787381605543839	0.06655429057614633	0.04326745751241034	0.02703733464822808	0.016342685724241492	0.009615708054810528	0.005538854282085394	0.0031386486085124396	0.0017565186521351828
0.2853907326709584	0.23410832221598302	0.18408306558421492	0.1381180033166783	0.09866395741755188	0.06714677738317955	0.043684492678504945	0.02731476753721032	0.016518648780919593	0.009723077296310357	0.005602405445175597	0.003175393839184416	0.0017773911647672171
