r0	r1	r2	r3	r4	r5	r6	r7	r8	r9	r10	r11	r12
0.553034149996677	0.48666041806479654	0.4119565799140811	0.3325297497214293	0.2541278588886928	0.18320490197099812	0.12472063057037425	0.08060997045419242	0.04986492532923812	0.029784769519936125	0.017319230598270265	0.009870684538676204	0.005543106312105407
0.5532427126639256	0.4866399521042107	0.41169466106399205	0.33205944406865695	0.2535304420040504	0.1825860189052158	0.12417109978448873	0.08017850349929333	0.04955748395635128	0.029581407776192847	0.01719198338034002	0.009794241563344148	0.005498520800258272
0.5548344676750923	0.48809364472477723	0.41294149850503475	0.3330465203374328	0.2542411303848058	0.1830475156763649	0.12444148166275586	0.08032262957217456	0.049628306106495323	0.029613941153899495	0.017206119799487492	0.00980009708217219	0.0055008386097714175
0.556901411396867	0.49080689222243323	0.4162280989377837	0.3366838363535576	0.2578814298823823	0.18632430266463698	0.12710080075396749	0.08228831396050752	0.050971710159105454	0.030476791869878485	0.017734790437827646	0.010112916533384374	0.005681297474126786
0.5594191752211257	0.49302968438585354	0.4180447905836186	0.3380237112557711	0.2587473191136235	0.18679654964556236	0.1273032957739473	0.08234055114426371	0.05095868841486267	0.03044549372204236	0.017705306613031938	0.010090994928454017	0.005666756080727523
0.556954517677525	0.49002325004800074	0.4145883364658322	0.33434095175605005	0.2551636335190816	0.18363797217164854	0.1247804615993966	0.08049819892146017	0.049711080816162725	0.02964970424982567	0.017220252409676774	0.009805095011320698	0.005502301321044888
0.5602625182079355	0.49369302125072356	0.41848868424166735	0.3382391750442479	0.2587673960553727	0.18668817450689942	0.12714102846549646	0.0821806483836354	0.050829489869572204	0.03035316805747496	0.01764455278594585	0.010053233768437893	0.005644206660514245
0.5496525429926542	0.48317109576402	0.4084984321062385	0.329290664484396	0.2513018287095978	0.18092881958400847	0.12303011880962306	0.07944427854520637	0.049109903763508746	0.029319303151158375	0.017042740996188986	0.009710844675365225	0.0054524853270220075
0.5513273867300706	0.48559560922294887	0.4116156642104598	0.3328772357434692	0.2549881207072458	0.18431055446817515	0.12581325044833297	0.08152327110971964	0.050542191285112635	0.030244886183044387	0.017612487103997893	0.010049152158020332	0.005648161342556917
0.5524600534001297	0.4864089774609112	0.41205726353815747	0.33295051607710285	0.2547674059575728	0.18392149062998717	0.12538503413418728	0.08114577135964915	0.05025350341263956	0.030044921533826444	0.017483393144820114	0.009969896983630397	0.005601221117908527
0.5542885127228624	0.48802214335850874	0.41337566015186206	0.3339241068573503	0.25539897672619	0.18426907362152106	0.1255374994305174	0.08118874737309405	0.05024805429788662	0.030025037262084227	0.017463845039598348	0.009955130564185479	0.005591346985023845
0.5511077169032744	0.48450909510621554	0.40965711627512796	0.33022046447641307	0.25198407477490137	0.18138357877127234	0.12330620648850663	0.07959865869535529	0.049190747697847016	0.02935968658885145	0.01706231918781564	0.009720193223967638	0.005456933311490517
0.5529032520478373	0.48682184653983585	0.4124210046251678	0.33324897635293893	0.2549926686887949	0.18407698144194254	0.1254835176104138	0.08120367995959253	0.050285651423509006	0.030062076681428976	0.017492334632221232	0.009974506071523304	0.005603591215379785
0.5580502308806768	0.4915474815490848	0.4165036468058023	0.3365123267945305	0.2573718552633239	0.18564686422486293	0.12642218306287972	0.08171723162909024	0.0505466876681812	0.030187467654299645	0.017550183863397642	0.010000499764906433	0.005615099669291367
0.5504975868642638	0.4839180031215283	0.4091107677691488	0.32974547574421464	0.2516002151329354	0.1810969022555476	0.12310794178205593	0.0794705048127248	0.04911229483142732	0.029313567960668124	0.01703597158002075	0.009705428899444448	0.005448764745760063
0.5505518270963085	0.48437122019065626	0.4099663459613119	0.33092453290200696	0.25294257989964514	0.18240885658052167	0.12423306722139314	0.08033455500333886	0.049719008742245684	0.02971090586736906	0.01728288129560176	0.009853039770168864	0.005534562492270276
0.5519752815013464	0.48579688285990796	0.4113355264745423	0.3321667266704279	0.25399327119125986	0.18323094637174436	0.12482800167619024	0.08073565962670455	0.049973936740121	0.029865654211458034	0.017373672438097978	0.009905019594910797	0.005563812257417435
0.5511882417559926	0.48514520514978776	0.41085395309046524	0.3318686326512712	0.25386063903477785	0.18321829520452348	0.12488036758471473	0.08080808060816495	0.050040287612528725	0.029916212600078325	0.017408224391066415	0.009927019106590154	0.005577162721321679
0.55233899947978	0.485642136899887	0.4106391213447668	0.33100914436322615	0.2525632665931734	0.18177000257149661	0.1235410646044746	0.07973016843890798	0.049259741193594095	0.02939423147661504	0.0170791154718532	0.009728240898109801	0.005460777056462932
0.5527625235061001	0.48674139790455717	0.41240777209183066	0.333298708748823	0.25508801233780887	0.18419230023505045	0.12559451696863808	0.08129515665386933	0.05035290997128447	0.030107519708051002	0.017521190979153563	0.00999202242177609	0.0056138836940072415
0.5538817174318221	0.487651484632915	0.41305864555166466	0.3336740858564173	0.255219946117195	0.18415378434107102	0.1254708233587735	0.08115390947966437	0.05023145107035019	0.03001775978749399	0.017460906768055322	0.009954052004583085	0.005591004257117712
0.5582478317409786	0.49144444469976706	0.4160854211498367	0.335825069402364	0.2565257271024669	0.18478364678736206	0.12566248737315383	0.08112420272595874	0.05012584529417222	0.029909926609168438	0.017376909232160596	0.009896580962191644	0.005554565312373934
0.5465957049508808	0.48062092177325916	0.40658752469631626	0.3280724085230098	0.2507127540739791	0.18080261612046622	0.1231636342013	0.07966940312658535	0.04932675379752032	0.029488191597993225	0.017159526408853296	0.009785730969318231	0.0054981375544422145
0.5542081490917716	0.4880135324939412	0.4134435174635402	0.33405907227761816	0.25557642112882306	0.18445619231261343	0.1257054960775717	0.08132164274574723	0.05034324945148027	0.030088243063676308	0.017503501078161017	0.009979000025387486	0.005605288412531464
0.5529506819283443	0.4866316933456369	0.41198699918589254	0.33261313742460275	0.2542463514905274	0.18333409213174223	0.12483867246020448	0.08070431412991279	0.0499329430829718	0.02983012321670798	0.01734776878970524	0.009887896955125776	0.005553174090843674
0.550975989696008	0.48444972964735367	0.40967657641424055	0.3303113650566421	0.2521236107854902	0.18154015006555715	0.12345125008068353	0.07971544964044665	0.04927531751661711	0.02941623132162384	0.017097963261408358	0.009741717958416359	0.005469534338852256
0.5558720215598287	0.48943570453013663	0.41455030266890425	0.33481314438485227	0.25599841050943495	0.18462155881124437	0.12571387180098695	0.08126019260256163	0.050267504005218004	0.030023730174975255	0.017456851221315683	0.009948305491393028	0.005586272606635503
0.5487990808777228	0.4829683055320035	0.4089907557391084	0.3303964974559493	0.2528029938380801	0.1825336287006159	0.124481344878677	0.0805973060231901	0.049938262606086095	0.029870461763482535	0.017389087883771522	0.009919562613852762	0.005574500600534069
0.55233899947978	0.485642136899887	0.4106391213447668	0.33100914436322615	0.2525632665931734	0.18177000257149661	0.1235410646044746	0.07973016843890798	0.049259741193594095	0.02939423147661504	0.0170791154718532	0.009728240898109801	0.005460777056462932
0.5530102955079104	0.48649945584843945	0.41165723266681475	0.33211913260759335	0.25366124592670547	0.1827492673822611	0.1243300909306454	0.08031017923017064	0.049654500892005064	0.029647011437691263	0.017233653636787787	0.0098195376910443	0.005513384224113057
0.5456855178439556	0.4798205666847425	0.40593564742831056	0.3275926127987898	0.25040245463643923	0.18063232210575908	0.12308918044385234	0.07964859212264555	0.04932961280500273	0.029498069896178022	0.017169198050094	0.0097930282941547	0.005503015286607768
0.5566890011722048	0.49054208565806867	0.4159184373916178	0.3363493181813327	0.2575521138747809	0.18603115418584382	0.12686466516219072	0.08211464991546862	0.05085343477916844	0.030401010333793825	0.017688440126654555	0.010085525546971381	0.005665510987231458
0.5612160440800477	0.4946746783269959	0.419459380053202	0.3391463260989005	0.2595569858618747	0.18732245456902608	0.12761078191193148	0.08250359398469659	0.05103804155450062	0.030481385006508897	0.017720530508516134	0.010097067926996382	0.00566901763132416
0.5568503155130515	0.4897446566195257	0.414136799956044	0.3337550650395246	0.254517681973216	0.18301932123385395	0.12425740864334028	0.08010075764891271	0.049434262858963095	0.029469540042376337	0.01710882620600559	0.00973871907590396	0.005463824423390037
0.5544207119900746	0.48786443303623045	0.4129172486823195	0.3332128056292749	0.2545433238735576	0.18340643339744975	0.12478331649595646	0.08060224666046406	0.04983274811069251	0.029751487495029948	0.017293183495526922	0.009852820627303506	0.0055317638971182454
0.5545527341073067	0.4878840399493406	0.412817014238824	0.333007466924665	0.25427151650704044	0.18311937981011253	0.12452571956319503	0.08039871592380411	0.04968715107763743	0.029654934941030976	0.017232666584626417	0.009816423678490647	0.005510518413374556
0.5577388888676142	0.491446951006093	0.4166315817001466	0.3368454016894139	0.25784099491574924	0.18615698217278087	0.1268878157048569	0.08208919512040591	0.05081475229650906	0.030366144049594413	0.017662573079760574	0.010068263563930929	0.005654724447401921
0.5612965893125774	0.4947990743287625	0.41962538207307276	0.3393419572459392	0.2597613311785254	0.18751196090931532	0.12776784088399967	0.08262141951466606	0.05111941303436464	0.03053403623998998	0.01775295930983169	0.010116327977281174	0.005680158002580191
0.5511117887599455	0.4847552178395818	0.41014853425796227	0.3309106404914307	0.2527769713165406	0.18216232432741308	0.12397594349834264	0.08011385007332492	0.04955286791223086	0.029596988167160266	0.017209839416447624	0.009808408676039732	0.00550821684701689
0.5545960156537456	0.4881634975880549	0.41333499058990186	0.33371723708331824	0.25507764093188723	0.1839061801879217	0.1251997906457824	0.08091589640872411	0.050049984414816506	0.029892364976558596	0.01738010511187923	0.009904516093922395	0.005561697484599782
0.557532194707154	0.4914114825486409	0.4167798935463602	0.33715652146487607	0.2582569901505961	0.18659946966080737	0.12728718587808693	0.08240620402657874	0.05104234441301174	0.03051748179913913	0.01775761773604695	0.010125509515259293	0.005688174671311143
0.56022932835626	0.49323111317083046	0.41758985368355583	0.33698463764514874	0.2573286788925494	0.18527599302537182	0.125927187125059	0.08124764415112844	0.05017435147382391	0.0299243114065796	0.017378226724676215	0.00989411949998202	0.0055517774033011814
0.5519353238319425	0.4854602572419056	0.4106990995709718	0.33128854249494644	0.2529922010271724	0.18225141684652849	0.12398711737950772	0.08008937421503372	0.04951985665447001	0.029568147509562225	0.017188743319898815	0.00979444021467751	0.0054995299196424294
0.5581679041013689	0.49151168106942245	0.4163061796512811	0.33617581501367605	0.2569516933183663	0.18521501971227147	0.12604038633343553	0.0814182859194427	0.05033409100186815	0.030047051317922416	0.017462424384690485	0.009947826383322107	0.00558439929135737
0.5558487474717159	0.4891090219382114	0.41391548969550446	0.33392835451366365	0.25498481351635016	0.1836272613908476	0.12485934449961697	0.08060322516190092	0.04980599033095556	0.02972146187923324	0.01726904034514257	0.009836047127329635	0.005521036354040725
0.5526494890484214	0.4863760232982282	0.4117901072252972	0.3324813438644314	0.2541751938412725	0.1833091295746032	0.12484130932285074	0.08071855673582712	0.04994880671035533	0.029843192869772397	0.017357070254488512	0.00989396236120101	0.0055569109586094696
0.5520849145941765	0.48584193152404315	0.4113103627251032	0.33207807074628093	0.25386164738324835	0.18308482209553448	0.12469317008589303	0.0806272363343547	0.04989544716019749	0.029813168103474525	0.017340578911768895	0.00988503036568716	0.005552107830345464
0.5534213603393533	0.4871337877582664	0.41250158029524386	0.33311106900381066	0.25469417157509305	0.18370470010806225	0.12512045205676628	0.08090243539530213	0.05006330061498584	0.02991149073092224	0.01739656786749978	0.00991631551918357	0.00556937548478297
0.5516883260130243	0.4856144667076025	0.41127129178001665	0.33221523907495437	0.2541262668708426	0.18340513704277867	0.12500140802994222	0.08088112997615374	0.05008202652352507	0.029939175015505408	0.017420566462463125	0.009933572231051232	0.0055806255200674705
0.5594626020485539	0.49273313597282403	0.41739862231964997	0.3370883191084561	0.25765503035597725	0.18571262684984155	0.12636471110333022	0.08161530222763816	0.05044745694603967	0.03010988099554182	0.01749644586907824	0.009966018620164581	0.005594074476428275
0.5537680165082888	0.4876443564012097	0.41316484144348237	0.3338794326907099	0.25548764289681486	0.18443499551589343	0.1257227900860811	0.08135300591598421	0.050373973772926454	0.0301123520749597	0.017520240677834434	0.009989760326395918	0.0056118583064220014
0.5499577799292208	0.4837614486424018	0.4093651260188842	0.3303640891843767	0.2524556566437594	0.18201806072169568	0.12394362667867466	0.08013541143664628	0.04959024453402328	0.029631629483997605	0.017235839445059957	0.00982586640354796	0.005519166031877204
0.5562147001050387	0.4896180990693281	0.4145550188322559	0.3346531324167163	0.2557216511308204	0.18429743265818005	0.12540696730509387	0.081009853621351	0.050084742086873975	0.029900876121100747	0.01737912932757452	0.009901255976314706	0.005558682333674186
0.5504185970539233	0.4843508788499065	0.4100661753997309	0.3311298228721883	0.2532148757703672	0.18269705581587764	0.12449232578371089	0.08053991269602757	0.04986625764289364	0.02980875338452255	0.01734431326301783	0.00989003658723569	0.005556180561344109
0.5539491777058444	0.4876462296159085	0.4129765176346786	0.33352531006049635	0.25503013424117793	0.18395651233292654	0.1252951864566349	0.08101570108106984	0.050132796142266005	0.029952413642319937	0.017419976375601075	0.009929444615712562	0.005576643956912243
0.5587866347525066	0.4919958642238801	0.4166270938255274	0.33632771400626976	0.2569600879102778	0.18513015526411924	0.12591750290120848	0.08129857573459284	0.050237955119928734	0.029978611395201575	0.017417500850241928	0.009919952214206712	0.005567773839380422
0.5585276833552764	0.4922278073045028	0.41737165034552076	0.33750712337616434	0.25839208103005096	0.18658134826695555	0.12719013904825055	0.08229002874163996	0.05094070497591711	0.030441724469406038	0.017706491705318843	0.010093212675318574	0.005668677339400841
0.549009688726377	0.4826188100856325	0.4080645462362882	0.3289895244697997	0.2511263163774413	0.1808514855353787	0.12301437383134173	0.0794577725403481	0.04913161111314198	0.02933909682317228	0.017057491590059013	0.009720710222788644	0.005458657981251266
0.5580779340116365	0.4919505645550231	0.4172896654425096	0.33761129640963844	0.25863490225538854	0.18688988408115928	0.12749368650998802	0.08254314353363108	0.05112809126892207	0.030568864999281426	0.017787440569270396	0.010142434583980587	0.005697632598845501
0.5482574526723435	0.4824410355926232	0.40850019673726656	0.3299664219410867	0.2524519255126677	0.18226850055181515	0.12429586232476779	0.08047608248229059	0.04986330757120433	0.02982601915287749	0.01736351658060363	0.009905151177688185	0.005566491387179747
0.5509900913352912	0.48476791503514854	0.4103027277559634	0.3311868660831945	0.25312764629966367	0.18252563870375513	0.12429870580978315	0.08036744422818615	0.04973369979284829	0.029716684784384193	0.01728478041263859	0.009853450949828075	0.005534497959272738
0.5547410249450009	0.48810891549791596	0.4130712237505445	0.3332747019308627	0.2545288145093835	0.18334429400976102	0.12470424473175899	0.08052848670589653	0.04977473625248823	0.029710668349154905	0.017266580249536104	0.009836389174918034	0.00552199320853037
0.5533064521038951	0.48708298823780566	0.41252081069937185	0.3331940206842462	0.25482074337798716	0.1838467198985802	0.12525221327030164	0.0810087234540027	0.05014039259708959	0.029963105090734174	0.017429137492775484	0.009935998626624446	0.005580904755402268
0.5541101367291769	0.4874107570388403	0.41233106140036363	0.33253671894300285	0.2538480199204042	0.18276904371381836	0.12425958469751369	0.08021179442897954	0.04956429265279844	0.02957831939256688	0.017186752160868523	0.00978970075478305	0.00549529049703853
0.5605937303224483	0.49302996078848127	0.4167968428891531	0.3356891854496402	0.2557408287718991	0.18366320158121682	0.12451402815480721	0.08014902860041874	0.04939750659232683	0.029413502292412824	0.017060063628108274	0.009703649747972607	0.005440976900957531
0.5527365120279666	0.4864457424170376	0.41183862257182385	0.33250760966777926	0.254182134884003	0.18330292619144198	0.12482897901591197	0.0807055227448501	0.04993794298771735	0.029835295400846586	0.01735181809413354	0.009890675045803429	0.005554938494546932
0.5526178690737338	0.486191536921062	0.41145150399600816	0.3320190120666146	0.2536508859455287	0.18279762370606709	0.12440302741069663	0.08038213147734362	0.049712647894824276	0.029688566958072777	0.01726100210981774	0.009836538642654456	0.005523538189641955
0.5561573569266813	0.48998260808063837	0.41535243181260306	0.3358080771809349	0.257070388259861	0.1856360163923681	0.12656646242897485	0.08190626531569814	0.05071700939752468	0.030316197935005496	0.017637737401333734	0.010056072091934404	0.005648751956269891
0.5537418335509601	0.4873364700055842	0.4125710840938123	0.3330536476239366	0.2545419341884842	0.18350666958345993	0.12492399745767967	0.08073802048664007	0.04994135341093098	0.029828659581194183	0.017343792016700874	0.009884207860944669	0.0055504805177749045
0.5570206533684177	0.4900661373492094	0.41460478019133185	0.3343320680031626	0.25513571064713775	0.18360068307345878	0.12474315768891547	0.08046689250715122	0.049687847732650184	0.0296339282311447	0.017210206532182467	0.009798987006029278	0.005498708745911272
0.5517377519975185	0.4858006186505542	0.41159461975684036	0.3326479058856404	0.25461244491647717	0.1838774147857136	0.12540535411827014	0.08119104007788105	0.050299590683300276	0.030081670187001218	0.017509129319699612	0.009986526873343943	0.005611409238822043
0.5576055255987057	0.491163869309482	0.4162009638895762	0.33630135804509065	0.2572484694796396	0.18559242902831846	0.12641123744751298	0.08172699684150402	0.050562260984736394	0.03020164738898813	0.017560744792570464	0.010007560601518325	0.005619516232388391
0.5563364356397097	0.48981703525710857	0.4148275809341559	0.33497882589501216	0.256064469347667	0.18461675571199856	0.12567232380445825	0.08120928016450603	0.05022265034756164	0.02999020267898531	0.01743419365731073	0.009933982011108936	0.005577621969765479
0.5546265095844658	0.4878364949537034	0.4126430789628477	0.3327265889325122	0.25392858120497946	0.1827713733574187	0.12422058428995417	0.08016114911403555	0.049518870751075646	0.029544094574080342	0.01716352480522451	0.009774980244931704	0.005486386026325103
0.5519194533072296	0.48594992340020976	0.4117034748416243	0.33271340419456086	0.25463915931732606	0.18387639080599857	0.1253897704103285	0.08117155601975377	0.05028228096919832	0.030068666165755844	0.017500311171934346	0.009980938647635081	0.005608028247674368
0.5524600534001297	0.4864089774609112	0.41205726353815747	0.33295051607710285	0.2547674059575728	0.18392149062998717	0.12538503413418728	0.08114577135964915	0.05025350341263956	0.030044921533826444	0.017483393144820114	0.009969896983630397	0.005601221117908527
0.5575439856464955	0.49061820294804215	0.41516404108901633	0.33486685352125706	0.25561102398339275	0.18398958549659863	0.12503574565639006	0.08067070598562273	0.049820898806733474	0.029716446353180038	0.0172594455394471	0.009827549611209886	0.005514943734496657
0.5545966166652574	0.4885819986595489	0.4141796769551604	0.3349106528190448	0.2564554074028019	0.18526524877498915	0.12637301582982532	0.08182117487943551	0.050687813050473075	0.030311085019512355	0.017640740003560595	0.010060515271791805	0.005652445216923057
0.5490503192010917	0.48327639423503105	0.4093463691753325	0.33077676281770046	0.25317447293479356	0.18286249677665	0.12474529480862831	0.08079100586729789	0.05007003270796565	0.029954847401651004	0.017440693641890263	0.009950060674648402	0.005592079898708812
0.5579285659548385	0.49172222731642645	0.4169866149769999	0.33725521531203295	0.2582634542229767	0.18654546419439128	0.127208061857543	0.0823286460253803	0.05097978404807286	0.030472796122186077	0.017728212748095388	0.010107230148435963	0.005677256900683807
0.549009688726377	0.4826188100856325	0.4080645462362882	0.3289895244697997	0.2511263163774413	0.1808514855353787	0.12301437383134173	0.0794577725403481	0.04913161111314198	0.02933909682317228	0.017057491590059013	0.009720710222788644	0.005458657981251266
0.5574016807591353	0.4909574192038203	0.41600032657173014	0.3361171230581946	0.25709081837341524	0.18546776531110146	0.12632018653769866	0.08166513784472916	0.05052270119146638	0.030177515624933017	0.01754653264969973	0.009999400041170333	0.005614913958561439
0.5490904856480979	0.48277452560137135	0.4082927758627318	0.32927187914616407	0.2514295558555226	0.1811375484375421	0.12325415028174931	0.0796391034728266	0.0492575985718146	0.02942099886587339	0.017108121022508294	0.009750865479337345	0.005476138570093826
0.5586106344247991	0.49256200371185843	0.4179598846797542	0.33829987939421263	0.25928714120415775	0.18745368482441604	0.12793784894004384	0.0828643695654621	0.05134412755711944	0.03070598485349601	0.017870718840369854	0.010191391062130285	0.005725738509994942
0.5543879717897481	0.48809648069565253	0.4134202783470259	0.33393877047986886	0.25538912240019823	0.1842443848762943	0.12550817637598338	0.08116207547246987	0.05022732972894709	0.03001055149407084	0.01745444158561541	0.00994933709660096	0.005587907690185092
0.5575164178433053	0.49081471962937945	0.4155900764449394	0.3354815292561298	0.2563265363038874	0.18469744681797243	0.12564697544221806	0.08114187423956865	0.05015238793308112	0.02993374094886557	0.017394525800289908	0.009908313449138692	0.005561886060172912
0.5512217170569865	0.4853605382697091	0.4112530325451713	0.33241602747974264	0.25448359328498105	0.18382802526315808	0.1254044378018913	0.08121149869851282	0.050324166404921995	0.030102456876385696	0.017524120581838443	0.009996379479315658	0.005617509922044254
0.5561576762102889	0.48964596569161056	0.41467179818312566	0.33484576795958415	0.2559591216385948	0.18453986268618894	0.12562043586773486	0.08117657265114829	0.050203110190718776	0.029978972453811283	0.017427904798887374	0.009930517422905457	0.005575731844810854
0.5598557052798618	0.493483679628923	0.4184985562557946	0.33845243412362386	0.2591245077401944	0.18710262511184703	0.12753205806029877	0.08249907182750267	0.05106173875929599	0.03050919027174439	0.017743212217811728	0.010112936247289796	0.005679206663785994
0.5567645679119778	0.4905317906037714	0.41581722526531556	0.3361691567389945	0.25732332044118533	0.1857936841695305	0.12665328135617654	0.08194828694060238	0.050734658537558784	0.030322324232993383	0.017639149586139227	0.010055890787169055	0.005648216637323585
0.5588874750890614	0.49197753655051824	0.4164829371427544	0.3360750481018148	0.2566417312489416	0.18480178492383936	0.1256268318687878	0.08107094097599157	0.05007611426175363	0.029871761188884682	0.017350746626580604	0.009879899961859546	0.0055444360499520085
0.5565295466265777	0.4902301741870542	0.41545727626385776	0.3357747170621176	0.2569311151559827	0.1854421271820556	0.12636874176508184	0.08173833296896198	0.05059133762207396	0.030230345310611563	0.017582826317043734	0.010022577786662617	0.005629005061030219
0.5526707052597751	0.4861121842860512	0.41123568053672355	0.33168922163842346	0.2532570836860559	0.18240242316125121	0.12405860756598631	0.08011489351409946	0.04952371954378035	0.02956426755340785	0.01718351670988167	0.009790113005102201	0.0054965115686039685
0.5522936651114515	0.4861103273494398	0.41163081005046903	0.3324290938427219	0.2542104235435702	0.18339721063890874	0.12494586036876776	0.08081362946240486	0.05002267356161402	0.029894824052675007	0.017390588857960302	0.009914614849224327	0.0055691723016425745
0.552138295241851	0.48577201092430206	0.41111289934456446	0.33177368509023886	0.253496586985223	0.18271737052805073	0.12437218653841173	0.08037771206754449	0.04971877397766077	0.029696792963939973	0.01726796682044351	0.009841494452383715	0.005526750343984505
0.556825587512731	0.490817902563965	0.4163311172507797	0.33686685889426365	0.25811386783985696	0.18656571193805246	0.12731587497525335	0.0824577276542359	0.051092757413360494	0.03055703312004345	0.017785080011196237	0.01014316328791925	0.005698953914099041
0.5486275618347006	0.4818757473985133	0.40697258859528973	0.327637901378347	0.24967548572366824	0.17948432323817118	0.1218699283525949	0.07859341012803289	0.048531747446172266	0.02894950400763781	0.016816834012229998	0.009577452851108831	0.005375648201028151
0.5502308373412341	0.48394987075939633	0.4094563904712325	0.3303608138258781	0.25237901265082846	0.18190195280422994	0.12382182060747884	0.08003055821376226	0.04951118188625033	0.029577360401398682	0.01720101772438974	0.009804578231759955	0.005506595062189085
0.552433301659372	0.48639549959586786	0.41205840729633686	0.3329651326647668	0.2547914838755433	0.1839492809926018	0.12541119980255147	0.08116706965227564	0.05026904415345124	0.030055369639977045	0.017490005544858966	0.009973901571394031	0.005603570366462601
0.56045667496558	0.49401460594541885	0.4189327242500121	0.33877276185552013	0.2593315436468348	0.18721553546177183	0.1275804766815607	0.08251158454387293	0.05105866549793184	0.030501751818858287	0.017736202010985476	0.010107724482255144	0.00567575008882414
0.5515718533153511	0.48548608020063533	0.41113557477118695	0.3320801400236355	0.2540016714401665	0.18329976578035964	0.1249198237615542	0.0808229096558462	0.050043262762232345	0.02991475374987098	0.017405815166458515	0.009924934899199765	0.005575681191200505
0.5505139619370141	0.4841497256149162	0.4095600529598138	0.33037017181447265	0.2523142918820515	0.18179616982695634	0.12370820119261924	0.07993168139138866	0.04943618041610319	0.02952569466836295	0.017167790924153947	0.00978423443011753	0.005494569373353511
0.5539715272787057	0.48758963188858906	0.4128385997185316	0.3333197431196834	0.2547870509826046	0.1837136459953635	0.1250839689307899	0.08085197737833866	0.050017103397882894	0.029876315337926344	0.017372544768630552	0.009901028245754619	0.0055601024184173346
0.5587740534235148	0.49211437509519573	0.4168799940305228	0.33669119533862424	0.2573827478429159	0.18554827717778782	0.12627866885692948	0.08157710151610177	0.050433987742840365	0.030107152359825244	0.017497425725372055	0.00996774641838795	0.005595556234756254
0.565846601725275	0.49947010801301256	0.4242315457296061	0.3436355091622931	0.26348971534804794	0.19050064163979433	0.12997700934210546	0.08413748944454492	0.05209689207282425	0.031134138543615086	0.018108133946644064	0.01032103591872265	0.005795933514248293
0.5530681701971085	0.48689902839777827	0.41240201193223136	0.33314199990587834	0.2548247970236093	0.18388655221768746	0.12530578890230107	0.08105976775189105	0.05018099944475905	0.02999188171763338	0.017447981779551987	0.009947676258558868	0.005587864881950959
0.5486278184991085	0.48254249491799567	0.4083135915853189	0.329524320004298	0.2518433412856436	0.18161340847285892	0.1237008717399892	0.08000187901996592	0.04952184167905171	0.02959842616934506	0.017220311832706392	0.009818768747900011	0.0055159566079543915
0.5515626259246962	0.48471689639235377	0.4095956379539046	0.32991494068975696	0.25151242651062566	0.18085362656789436	0.12281521661222393	0.07920344052140343	0.04890469843811372	0.029168516309818218	0.016941858090733744	0.00964747184836326	0.0054143709431219
0.5526465916583047	0.48643628071141215	0.4119147465019431	0.3326586717015809	0.25438046670092507	0.18351184229282724	0.12501638416952052	0.08085367654097031	0.05004402054823076	0.029905705833791974	0.01739598608497556	0.00991725721253753	0.005570463231043726
0.5526384021931317	0.48603426151478374	0.4111127948590319	0.33153168933437316	0.2530844413368499	0.18223753599509152	0.12391932435002699	0.0800090422571928	0.04944994505881056	0.02951621240620956	0.017153772086529556	0.009772381877627143	0.005486227257267354
0.5572443946156995	0.4905922564855769	0.41542953948143796	0.3353871886662323	0.256290978077143	0.18470331299693826	0.12567387890415835	0.08117360958204363	0.050179959756588045	0.029954202300930724	0.017408293468525373	0.009916992456883812	0.005567117700672492
0.5504928549363275	0.4840497708868798	0.40938102829408873	0.33012820149738736	0.2520415096251634	0.18153111483573808	0.1234817398234058	0.07975820685616365	0.049314584649115194	0.029446160219234893	0.017118411282811004	0.009754732492905146	0.005477429513685597
0.5598535449452727	0.4935832041294426	0.4187024147470571	0.33874232121840375	0.259460562790805	0.1874350697926279	0.12781959036057716	0.08272119220263077	0.05121833214105203	0.03061201582791576	0.017807219301081215	0.010151244392737376	0.005701488981626982
0.5536939914237604	0.4877768214567426	0.4135110352094501	0.33440499743752317	0.25611497951077083	0.18506574296328987	0.12627398631775005	0.08178188629091547	0.05067794009428704	0.030312749873263753	0.017645365104545098	0.0100648201897228	0.005655593720390601
0.5567066996413381	0.4899685061345036	0.4147405810827756	0.3346759833401128	0.2556158171918833	0.18411952192465994	0.12521436675854217	0.08084173760405511	0.049957079995335184	0.029812913246247155	0.017322566933579718	0.00986663376813833	0.005538222314537131
0.5536025662625942	0.4875484009641729	0.4131465657228188	0.33393413307200015	0.25559545279412205	0.1845663937270345	0.12584970247747815	0.08145778927484455	0.05045109801899424	0.030164494304154608	0.017553364273416052	0.010009872122460791	0.005623677829232335
0.5586250184377061	0.4923694202593087	0.41755457620020187	0.33771849627634415	0.25861013537980704	0.1867819633182191	0.12735556696651634	0.08241374149190951	0.05102597547826011	0.03049683188964036	0.017740407663667444	0.010113346281549845	0.005680319344353215
0.5498576413274807	0.4836907427679236	0.4093284207872953	0.33036073572982144	0.2524785344298852	0.18205551563503988	0.12398390265465785	0.08017049617061686	0.04961687991975421	0.029649990231558378	0.017247653845728076	0.009833103030888121	0.005523445115117217
0.5584212918215179	0.4923601116453122	0.41775291235325723	0.3380993998067784	0.25910655340835603	0.1873039612633002	0.12782381430213635	0.08278407772688777	0.05129124456734195	0.03067295453039962	0.017850901915794463	0.010179848275899909	0.005719157426083949
0.5570976077397355	0.49057571366563407	0.41555200644600065	0.3356316684804016	0.2566125346434784	0.18504215081108466	0.12597768862606787	0.08141356796266495	0.05035158153362926	0.030067995542288214	0.017479606353278544	0.009959876894137626	0.00559214716197828
0.5532050674388792	0.48705652603709015	0.4125748498418352	0.333319604382489	0.2549929445138056	0.18403178531396236	0.12542011496645397	0.08114240294297836	0.050236556602488255	0.030027140177235626	0.017469396098901666	0.009960266208669818	0.005595093654564503
0.5572355493034702	0.4904519626508525	0.4151556140719985	0.33500476532605594	0.25585259616253947	0.18427322711449343	0.12530432508447192	0.08088959862257863	0.04998052984369244	0.02982363967259531	0.017327199302082198	0.009868535345713312	0.005538964719454137
0.5539086281132766	0.48672354493524594	0.4111597653517324	0.33098535664060247	0.25211945088299537	0.18110327476680343	0.12284560573115572	0.07913440384909394	0.04881236261929333	0.029088181463718592	0.016883261504984703	0.009608751904159732	0.005390326887418677
0.5528460393913822	0.4866464786638719	0.4121276526798191	0.33286244737850657	0.2545619560417427	0.1836607897580664	0.12512884987353132	0.08093231123606524	0.05009553151431191	0.029937747887074106	0.017415152107764936	0.009928396256457448	0.005576803938564188
0.5551704456545367	0.488953521087777	0.4143210144427928	0.33483075442791793	0.25620795410335623	0.18493403146092688	0.1260402033845645	0.08154054826500261	0.05047865163703172	0.030168538939041145	0.017549704420563684	0.010005039796052526	0.00561976022850314
0.5523932949275501	0.486180145052699	0.4116661815729047	0.33243069302337563	0.2541855259317794	0.18335772355573907	0.12490378844229356	0.08077713127633991	0.04999502811047921	0.02987579416071539	0.017378355701157228	0.009907126845601147	0.0055647467736706265
0.5539979689331304	0.4870672408834026	0.41175741398091786	0.3317829638745936	0.2530112801225967	0.18196412495454187	0.12357686188816393	0.07969173135069575	0.04920134625936659	0.02934172450683888	0.017040242914481644	0.009702341920335148	0.005444612927044197
0.5542263468854158	0.48764679033685876	0.4126840350218392	0.33297807763634835	0.2543250202973277	0.1832207080687164	0.12463894387845874	0.08049895710028472	0.04976386748117779	0.02970804925912268	0.017266928451147186	0.009837440936466338	0.005522957407847851
0.5555862256103021	0.488808759978958	0.4135878373896016	0.33359356753715014	0.2546696802406997	0.18335664793341938	0.12464750324836207	0.0804508765147403	0.04970400548561705	0.029656967242739474	0.01722997848116993	0.009813131057111768	0.005507900001972808
0.5537803934988533	0.4876565534988871	0.41317634523359303	0.33388966733459513	0.25549612509955055	0.1844414982532193	0.12572740477288552	0.08135606151856932	0.05037588503874866	0.030113496555377168	0.017520904617479984	0.009990137009307485	0.005612068759347526
0.5592350302634138	0.49248353640963405	0.41713605790838615	0.33682824621380425	0.25741642440778467	0.18551193452542922	0.12621017867319181	0.08150560423862588	0.050374764620168495	0.030064269974406834	0.017468986574029007	0.009949982696757004	0.005584913675339274
0.5548249614436525	0.48847921306631353	0.41372961000839636	0.33416321151717837	0.2555304686961053	0.18431795627429068	0.1255364209159912	0.0811660480570473	0.05022161370321288	0.0300029185909625	0.017447986393065412	0.009944745685255262	0.00558493226326842
0.5515035611901954	0.4851275483779846	0.41048488201469496	0.33119533685975877	0.25300016490063487	0.1823235461257792	0.12408358710755238	0.08018099387857709	0.04959257979589288	0.02961960054041089	0.017222397708645993	0.009815277912110312	0.00551194210405998
0.559225017594472	0.4927217408198569	0.4176284394985913	0.33752940167868006	0.25822861967672694	0.18631404067752938	0.12690252229122903	0.08203939037929806	0.05075043379929719	0.030310605666087103	0.017622160572460303	0.010041582586574853	0.0056381616020341925
0.5597965137166668	0.49321190375466467	0.4180115487778647	0.33779198726213727	0.2583770923517041	0.1863738508473968	0.1269077134995844	0.0820199360763998	0.05072553401751341	0.030289169554526166	0.01760658767536993	0.010031311528915595	0.005631789965608844
0.5548162714398727	0.4876778739974467	0.41212291587597166	0.33190259554345064	0.25293125489665536	0.18176480561100103	0.12334150288206848	0.07947879741022927	0.04903665078814606	0.0292270348794064	0.016966006771146847	0.009656705054548222	0.005417564790801269
0.5552287411061406	0.48861313661267064	0.4135718671008569	0.3337443923192612	0.254939118214182	0.18367501014102017	0.1249499593281531	0.08069791712927304	0.049884451839128166	0.029778285365120536	0.01730673137882353	0.00985959341976251	0.005535145300806743
0.5560544014939172	0.4897321001683206	0.4149554663738034	0.3352968919480058	0.2565076110254489	0.18509612170470893	0.12610855147184746	0.08155707051825815	0.050472969330738644	0.03015690709833107	0.017538992112820534	0.009997144696998014	0.005614546632414381
0.5522826642856421	0.48602981648005267	0.4114800416564407	0.332221645024475	0.2539741549222131	0.18316603816777224	0.12474734648596766	0.080660989496616	0.04991538259014805	0.029824502653333303	0.017346864529543194	0.009888463823452162	0.0055539675916884525
0.5580657765551975	0.4918035728590801	0.41700510070310937	0.33721423186546934	0.25817877939350586	0.18644091787682437	0.12710649112214503	0.08224452950552075	0.05091776999916701	0.030430833366058056	0.01770154399978429	0.010091034175074618	0.005667737819027955
0.5571430003006421	0.4907512020869625	0.4158584507508387	0.33604272077445624	0.25707481809627397	0.18549109641962086	0.12636127121985383	0.08170741219478792	0.050557528878758244	0.030202672227197566	0.017563196237942003	0.010009801999218018	0.005621143847839009
0.5560367486778779	0.48908819940056913	0.413674381104554	0.3334973395346513	0.25443853401616773	0.18306249269234207	0.12435888736371742	0.08021107114153367	0.049527068667084985	0.029537252038069853	0.01715392343874476	0.009766960853313427	0.005480772899466226
0.5523996556632151	0.48629414317736136	0.4118894738301635	0.33274285985491453	0.2545439551525707	0.18371014394388896	0.1252074060342422	0.08101111626009036	0.050159762783011035	0.029983891604840017	0.017445625053677145	0.009947384482648836	0.0055881637289514645
0.5580497817025065	0.49157790538853524	0.41656564048349415	0.33660021283533237	0.25747346900858104	0.18574714266998577	0.12650872823550696	0.0817839688915098	0.05059367091608533	0.03021828618352546	0.017569353079486146	0.010011966182490152	0.0056217666096982
0.5594826104307232	0.49313601413190894	0.41819242842409576	0.33820170863540316	0.258935949778452	0.1869732074053358	0.12745073462261744	0.08245173074911155	0.05103576601284386	0.030495510662146477	0.0177361795199433	0.010109360484257068	0.005677391798446319
0.5536193596352155	0.4871695592937933	0.4123640510846768	0.3328209259569867	0.2543065696476333	0.18329327947698804	0.1247499411555241	0.08060889485912633	0.049852868853712866	0.029771713466165865	0.017308848573439443	0.009863508123349168	0.0055385291498041035
0.5522541695320312	0.4861216560614501	0.41169549105755227	0.3325395721364506	0.25434847866403215	0.18353924338632455	0.1250716038442017	0.08091224665037064	0.05009292404480624	0.029941296402099134	0.01741967357112002	0.009932091239194129	0.0055793674684630175
0.5541066008453971	0.4877187073223987	0.4129559635855059	0.333419836972069	0.2548661886993055	0.18377133577512267	0.1251228553230381	0.08087646547863304	0.050031720375129235	0.029884709533065514	0.017377242213375745	0.009903614555327591	0.005561512677934687
0.5565203810532056	0.4899767781298942	0.41495497700982237	0.3350692590649813	0.25611924914954254	0.18464304913791146	0.12568018058249394	0.08120785588839645	0.05021807752125039	0.029985577779942194	0.01743060365588815	0.009931530070943696	0.005576068942480812
0.548821970058358	0.4829889012467263	0.40900808593586585	0.33040987245448067	0.2528122908720958	0.1825393675183649	0.12448446099938917	0.08059878036867647	0.049938855857242996	0.02987064755604571	0.017389113814151147	0.009919539708504817	0.005574471158555458
0.5548473523658529	0.48852040486626697	0.41378903887729157	0.33423626920777044	0.2556087414954304	0.18439174494907853	0.12559826770421031	0.08121282348501628	0.05025411305779962	0.03002404359529279	0.01746104293157457	0.009952520650800526	0.005589438392756339
0.5567126773402957	0.4903533057235993	0.4155115329304291	0.33576210322506034	0.25686703697921903	0.1853511989821504	0.12627539957568032	0.08165881149488873	0.050531733390643506	0.030189590407820592	0.017556745795039134	0.010006664109571831	0.005619620990201786
0.5538113605043652	0.48700259695612913	0.41182435449358845	0.3319673030796134	0.2532727966235383	0.1822484135312886	0.12383574676167275	0.0798979653962874	0.04934960212585769	0.029440343896930322	0.017102180523665723	0.009739644564246934	0.005466407926776888
0.5541253757822544	0.4877059209847573	0.4129102662107068	0.3333462217805196	0.2547762751354461	0.1836799619471683	0.1250425900821737	0.08081385651828789	0.049987296204242554	0.0298554075190004	0.017358943230243812	0.009892636729072988	0.005555116170375763
0.5553955889433682	0.48883155242512955	0.4138358227361379	0.3340358789468603	0.25523022348203017	0.18393650910365053	0.12516178239276632	0.08085423457487544	0.04999114084840681	0.02984673861291098	0.017348639548888628	0.009884376246484791	0.005549435781835917
0.5480393362580417	0.4813240818607749	0.40648246128735344	0.3272313865771601	0.2493643447613659	0.17926561127289956	0.12172816600857723	0.07850767863993294	0.048482587815789034	0.028922331488473788	0.016802150670678983	0.009569613783959294	0.0053714843403542606
0.5511191435741724	0.4848305532917078	0.41029257958011467	0.3311101299612963	0.25300473682326613	0.1823853637427251	0.1241674960218827	0.08026111317837857	0.04965635516596504	0.02966480190554517	0.01725199743165276	0.009833619827857158	0.005522873846851407
0.5556730004769164	0.48896059578181167	0.4138022292085162	0.3338538447275919	0.2549461025762044	0.18361545398841733	0.12486321028374214	0.08061326986998056	0.049816420336503964	0.029729828009580135	0.017274911705466224	0.009839843745275492	0.005523362740922619
0.5493714087294722	0.4833642599122257	0.4091841180319324	0.33039233577293214	0.25264492594477134	0.1822920419701006	0.12422679440622166	0.08037750222230818	0.04977212478794354	0.029756210385645975	0.017315673354120105	0.009874632130274102	0.005547946983616516
0.5551445410811566	0.48874162843230795	0.4139205019993254	0.33427742669470134	0.2555762245660672	0.18431497413260414	0.12550810772711707	0.08113121196777467	0.050190871836761256	0.029979916485394695	0.017432431195564514	0.00993490732507896	0.005578988291002306
0.5547722431336496	0.488255152255253	0.41333320092142967	0.33362915188197645	0.25492878511390615	0.18373318368882008	0.1250365927778997	0.08078305144540755	0.04995311767975596	0.02982729848960565	0.017338960627914093	0.009879616237045568	0.0055470987276557875
0.5597203150963082	0.493141183555215	0.4179496152146005	0.3377416247541138	0.25833956440059885	0.18634838715307375	0.12689193319073236	0.08201089865599755	0.050720667628390545	0.030286659080396846	0.01760532538558245	0.010030684215976398	0.005631478661086169
0.5519411145795865	0.4857800951723726	0.41133782711874584	0.33218654199853775	0.2540252919900234	0.18326763111946442	0.1248623967226599	0.08076357875097376	0.049994268849747114	0.029879304537781787	0.01738230280728483	0.009910242530928029	0.00556687464345121
0.5600029740272291	0.492831998891257	0.41702407986040413	0.3362962096734288	0.2565967356638499	0.18459057245990193	0.12535619898874237	0.08081817563346273	0.0498773792400759	0.02973203680336594	0.01725976377641002	0.00982374959048339	0.0055110695244375936
0.5534385394497549	0.4866333007461974	0.41147428474098796	0.3316543830704195	0.253012359664229	0.18204800630300966	0.12369304659484597	0.0798031806027376	0.04929014063100504	0.029404641690290254	0.01708141897891872	0.00972784124925627	0.005459802092574745
0.5517598057679043	0.48557834046776194	0.41112275493839195	0.33197091249218247	0.2538252584637862	0.1830976745525282	0.12473033498738507	0.0806690801841005	0.04993122183469211	0.02983952383704965	0.017358246309935585	0.009896144656188995	0.005558799347473517
0.5605366405214659	0.49374333050829505	0.4182984954829991	0.3378360738507055	0.2582276172006434	0.1861145080522397	0.12662421134329058	0.08177130417442187	0.050536230606562246	0.030158529319013885	0.017522502440259033	0.009979811987425053	0.005601344946960737
0.5507715062377483	0.4844381428928067	0.4098691148878547	0.3306812726702954	0.25260371219633015	0.18204253980800156	0.12389987217337932	0.08006894247945677	0.04952780687670035	0.029583530983627832	0.017202776874420837	0.009804742300696636	0.005506318602511374
0.5560174640539992	0.48920031373678424	0.41392092367655214	0.33385420601357174	0.2548542693565073	0.18347374593684607	0.12471386197245071	0.0804845868545862	0.04971942977212556	0.029663312458972274	0.017232273587109	0.00981380016576804	0.005507995077664257
0.5503073395394192	0.48396404023994366	0.40940416731109436	0.33025029839482406	0.2522313989841939	0.18174536135659844	0.12368087352490849	0.07991892772204819	0.049431167454571184	0.02952421152366328	0.017167660814641758	0.009784495077391162	0.005494862608886895
0.5539753103635485	0.48793619982892855	0.4135344008615336	0.33430091547106233	0.2559186044749667	0.18482911541798488	0.12604650231446599	0.08159448765084171	0.050540168679565234	0.0302196652285282	0.017586254935580397	0.010028938369198668	0.005634509472781061
0.5512765559303561	0.4849586522783158	0.41038439603804816	0.3311634489553777	0.25302408421503186	0.1823809252676954	0.12415111110439547	0.0802421444979539	0.04963997338048676	0.029652673697275103	0.017243844786821533	0.009828482372785144	0.005519777339309729
0.552268733307752	0.48617681654648937	0.41179137953736256	0.3326679036218393	0.25449265154244427	0.18367923511601922	0.12519127686986392	0.08100400925805311	0.0501573100291542	0.029983447592687052	0.017445861618415263	0.009947745454289204	0.005588465617640798
0.5552969313264546	0.4892113533403825	0.4147077520217815	0.3353160149029862	0.2567345098225718	0.1854347696936639	0.12646256017771007	0.08186147781920183	0.05070240784009597	0.030314357666385936	0.01763999982172487	0.010058883806638497	0.005650998137412644
0.5572909709868132	0.49071717219711053	0.41563243122791393	0.33565111158928296	0.25658282972777263	0.18498374724330027	0.12591175366552468	0.08135489693059464	0.050306545006649196	0.030036755635979146	0.017459429889299053	0.009947489888471347	0.005584811894942196
0.5546174678552875	0.48780009056292883	0.4125792583396501	0.33264103905213044	0.2538325943030426	0.18267843739968362	0.1241414248554939	0.08010067806678149	0.04947658593279092	0.029516492507079276	0.01714641597207049	0.009764771790227942	0.005480461113355939
0.5502308373412341	0.48394987075939633	0.4094563904712325	0.3303608138258781	0.25237901265082846	0.18190195280422994	0.12382182060747884	0.08003055821376226	0.04951118188625033	0.029577360401398682	0.01720101772438974	0.009804578231759955	0.005506595062189085
0.5517343260261188	0.4853783417749575	0.4107464441634791	0.3314524607659092	0.2532346095339828	0.1825198296610546	0.12423425506085953	0.08028774835578577	0.04966325177489697	0.029663924942679522	0.01724907939810148	0.009830860371127516	0.005520844783122276
0.5581982795450731	0.4917120069317392	0.41667884735908955	0.3366878099352189	0.2575344652976973	0.1857848330266823	0.12652921126935032	0.08179367782809864	0.05059759815025649	0.030219537000761017	0.01756954911768698	0.010011834902642375	0.005621586284052829
0.55502230446132	0.48859781922049506	0.41375978455704554	0.3341098840780724	0.2554158531932787	0.18417533311102235	0.12539754597427366	0.081050972448728	0.05013677239984493	0.029945515117653608	0.017411508244675897	0.00992259402169671	0.005571913305094743
0.557862761012721	0.4914101683265891	0.4164253915293776	0.3364931742138951	0.25740043457512374	0.18570340430831161	0.1264861475065869	0.08177422038158148	0.05059047020150951	0.03021785593693289	0.01756981859986036	0.010012557775889237	0.005622241613718196
0.5538137078346395	0.48763658032834767	0.41310067260594824	0.333766529138606	0.2553449651841401	0.18428733224966454	0.12559158790231714	0.08124986637789373	0.050300387581014516	0.030063622376439416	0.01748972175752294	0.009971413372997081	0.005601151758915624
0.5502525135610529	0.48412444029610235	0.4097852583217816	0.33081394949511916	0.2528951977011361	0.18240690862253928	0.12425533093110024	0.08036382757416244	0.04974541498695476	0.029730879724796346	0.01729647511461488	0.009861672940813524	0.005539792821861366
0.5546134879264288	0.48852518139723045	0.41404692227631273	0.3347146495050476	0.25622427849755935	0.18503438862840843	0.12617208002713695	0.08166524027041856	0.05057749625044962	0.030238449868333215	0.01759543054559183	0.01003335356419878	0.005636626754592626
0.5570351574383812	0.4902890638235536	0.41503932384086667	0.33493801816971625	0.2558295151480668	0.18428054456304785	0.12532666043483828	0.0809148668022641	0.05000214023590364	0.029839548109512847	0.017337852678542955	0.009875230832704335	0.005542992578373856
0.5481936148994384	0.48196598536142715	0.40761078973452564	0.32874372956335224	0.25106042829623476	0.18090757257499482	0.12312722284396091	0.07957724251751817	0.04923121447600673	0.02941150669807039	0.017105647977116414	0.009750852131207426	0.005476744614383008
0.55607244732837	0.48943466798126606	0.4143355731728145	0.3344124844577885	0.25548249998047756	0.18408336601867398	0.12523401830152883	0.08088247226496047	0.04999792989424831	0.029845237831856553	0.01734509513409269	0.009881142139065964	0.005547089570969478
0.5575660327106298	0.49147383010458723	0.4168700427843223	0.3372676428831933	0.25837639951309754	0.1867123783826774	0.12738208540445936	0.0824781475072342	0.05109242422407819	0.030550080367429844	0.017777786400277426	0.010137528489863648	0.005695144135077771
0.5564839577947968	0.48950209532206995	0.41403555579719953	0.3337897702598778	0.25465539007355487	0.18320890345045518	0.12444919070166209	0.08026256942003782	0.049554699030640414	0.029551463119374344	0.01716105100575724	0.009770495553596653	0.005482523878125977
0.5499516464619342	0.4833654820254665	0.4085743615708409	0.3292535527395098	0.2511798318163308	0.18076485137522566	0.12286558931899778	0.07930588708109022	0.04900699702753947	0.029249304540962997	0.016998101386019242	0.00968367050545442	0.005436486809887471
0.5544629357870996	0.4877272416316739	0.4125958750319853	0.3327392154964717	0.2539867884039504	0.18285289719579287	0.12430366012080887	0.08023155297513199	0.04957143345774035	0.029579929328041835	0.017186407214557182	0.0097889205396501	0.005494597047497534
0.5511836321985853	0.48495636093232586	0.4104780030285442	0.33134039457457637	0.25325278077109437	0.18261994826615802	0.12436453063209792	0.0804103629752949	0.0497601795340974	0.0297323558127285	0.01729378334045228	0.009858518649961765	0.005537311715447279
0.5490816317353023	0.4829669662595792	0.40868962227546324	0.3298351795955046	0.2520803166117795	0.18177912104809898	0.12380754823071198	0.08006583476183671	0.04955813861356769	0.029618261515799348	0.0172309050387992	0.009824360141085791	0.005518895721278069
0.5654810305843254	0.49911229820668496	0.42389693586667376	0.3433408957766745	0.2632485379173939	0.19031831520708467	0.12984955367958417	0.08405437316043612	0.0520456558453599	0.031103860237197075	0.01809076803912208	0.010311276529833772	0.005790522563362597
0.5524587206289403	0.4862980027781579	0.4118346978405983	0.33263683707907343	0.254405740966224	0.18356497040087796	0.1250773399991582	0.0809083419898194	0.05008618733753597	0.029935054720078746	0.0174149882644355	0.009928944713017196	0.005577393710648561
0.5555530200440152	0.4887757278383181	0.41355637451006877	0.33356529759482795	0.254646026199204	0.18333835138219726	0.12463441253016713	0.08044214452976582	0.049698508018997375	0.029653656748579015	0.017228048861397956	0.009812032026714015	0.005507284052698108
0.5549703398082511	0.4886312119209438	0.4138823320920744	0.33430823516137187	0.2556586674977245	0.1844224456901636	0.12561483460232933	0.08122058435648401	0.05025718086093445	0.03002496353415773	0.01746113510337712	0.009952370627456141	0.005589265263282372
0.5468279402559172	0.48084735826242775	0.4067985600556955	0.32825777051028493	0.2508643702109267	0.18091736799104513	0.12324410239577445	0.0797221217938755	0.04935942954801615	0.029507609841492685	0.017170721958752588	0.009792051529858872	0.005501655286092359
0.551918798637611	0.4855169153700496	0.41083074876560177	0.33148208119083833	0.2532194221288914	0.18247737372870795	0.12418297504414219	0.08024082493680909	0.04962669043633906	0.02963833166301281	0.01723245053728037	0.009820609308798217	0.005514756772795363
0.5557057327871106	0.4895708685575471	0.41500007408052497	0.33553004826545224	0.25687127292471407	0.1855078587215156	0.12649246159482577	0.08186772405079062	0.05069874436047793	0.030308267625220556	0.017634587305046707	0.010054950498762172	0.005648419436211192
