r0	r1	r2	r3	r4	r5	r6	r7	r8	r9	r10	r11	r12
0.36528689028493433	0.29580280786533325	0.22775780292447928	0.1660887151785505	0.1146955705651444	0.07528410529446845	0.04727489973381599	0.02862123829321096	0.016834084660949176	0.009683811745040447	0.005478221365681738	0.003060751158541418	0.0016944272103733091
0.36489055340705046	0.2954323318943791	0.22743252393961413	0.16582292544032534	0.11449406059757858	0.07514183340223865	0.047180540818185755	0.028561794443784264	0.016798115589805464	0.009662701529694681	0.005466109214163051	0.0030539161144611756	0.0016906164828036359
0.36478120422615445	0.2956009049126437	0.22780614435931923	0.1662963928863346	0.11496506052420546	0.0755415461029093	0.04748235976146622	0.028770521188954817	0.016933267797808686	0.009746044895412797	0.005515692066132555	0.0030826495955414267	0.0017069515860702778
0.36717727521417715	0.29732859700261266	0.22889642765556178	0.16686936116152473	0.11518781329335809	0.0755720396455463	0.047433356248469706	0.0287046378181111	0.01687674058436115	0.00970530357719309	0.00548900068141712	0.0030661720005335943	0.0016971724489591074
0.366809400336361	0.2968561058419707	0.22837471436186293	0.16636378411223418	0.1147520292055926	0.07523312454380993	0.04719162219656924	0.028543821272757036	0.016775390012053346	0.009643992073030376	0.0054530232039713255	0.003045528817249469	0.0016855209160699391
0.3639436173801673	0.29499757269879073	0.2274259912038121	0.16609730284707705	0.11488851221668406	0.07553218272023599	0.047500623870284836	0.028794442522207645	0.016953666552160844	0.009760712894792925	0.005525291616282701	0.0030885726846900117	0.0017104658712251896
0.36432172541204205	0.29526168345212467	0.22758347731356102	0.166170484489285	0.1149069587789365	0.07552294918597192	0.04748230182285714	0.028776709056113972	0.016939980816767494	0.009751335371912334	0.005519320354869512	0.0030849504359142924	0.0017083405125988046
0.3649066419136263	0.2957629359182033	0.2279858404771568	0.16647124295886376	0.11511637288976795	0.07565966638468496	0.04756689447771785	0.02882692084163159	0.01696889589690095	0.009767638082913439	0.005528381174322457	0.0030899383537748523	0.0017110689463809392
0.3631136464484895	0.29438451022167744	0.22702318013629222	0.1658691683923237	0.11478295609491156	0.07549818243696803	0.047500299291949266	0.02880552745778054	0.01696576736682974	0.009770271870730853	0.005531855817846677	0.003092738738697454	0.001712982160150396
0.36500449354240505	0.295771919935111	0.22792490540889232	0.16637004295072294	0.11500531393331379	0.07556061720918547	0.04748989385872685	0.028772675954890158	0.016933336227283203	0.00974552326130093	0.005515146260237893	0.0030822362672823715	0.0017066770257066757
0.36568892666951863	0.2962482215230691	0.22820689988786735	0.16649892955403658	0.11503537708594824	0.07554127131191656	0.04745488031960772	0.028739385443426767	0.016907841166111562	0.009728128273427719	0.005504099161139057	0.0030755467372527694	0.0017027566823028342
0.36473725162095694	0.2957099473112404	0.22802726412430838	0.16657084541281733	0.1152358547932409	0.07577048971930898	0.04765491646055677	0.028889747237470977	0.017010433165397347	0.009793619490005685	0.005543992249778269	0.0030990488418494765	0.0017162744067769004
0.365949956318358	0.2965756338535142	0.22856401794307646	0.16684276264321793	0.11533077827100106	0.07577067830524858	0.047618432907766364	0.02884819424615858	0.01697643096391984	0.00976963304040424	0.005528460607006744	0.0030895280590003877	0.0017106495472213573
0.36404954295561615	0.29483952031281857	0.22707286679774458	0.1656487229336838	0.11444156793840163	0.07515240093037306	0.04721354521690456	0.02859573126714297	0.016824905836424965	0.00968126532894785	0.005478005473354724	0.0030611608852651262	0.0016948781750996946
0.36622237071270286	0.29645015395461305	0.22813713594111948	0.166258023007369	0.11473048267541446	0.07525289964994489	0.047223767488373765	0.028573661690768016	0.016797995818647417	0.009659320179116972	0.005462719297461342	0.0030513846909624794	0.0016889463962277678
0.36248055730930245	0.29364662834265653	0.22625300679160218	0.16514805498572763	0.11417458696928978	0.07503137555929225	0.04717015873591714	0.028587077891547207	0.01682857201896608	0.009687464921317196	0.005483338747603146	0.0030649294348964588	0.001697297162714892
0.36723902659108604	0.2971422412500141	0.22852985582348603	0.16641916224254683	0.11474669856198422	0.07520116890370508	0.047155117436817245	0.028513119301297827	0.01675316140861375	0.00962929391987165	0.005443867812567529	0.0030400546493814383	0.0016823403227958222
0.3660691219827687	0.29641350637886976	0.22819366532930596	0.16637017141853547	0.1148592933496178	0.07536998784392501	0.04731565597879428	0.02863872751167059	0.01684077499904195	0.00968597211640839	0.005478687220664513	0.003060683928331195	0.001694251582748098
0.3653309903040671	0.2962190912329069	0.22843627338389802	0.16687682381672703	0.11544907875795127	0.07590980009445848	0.04774117040106599	0.028940972838854023	0.017039944701913126	0.009810263982820179	0.005553245337887864	0.0031041435547306986	0.0017190616456483647
0.3680076657836242	0.2980400157879379	0.2294669184930082	0.16729507787770379	0.11548360321089418	0.07576470338181647	0.047552301080921434	0.02877510148925318	0.016917251603199564	0.009728114409052023	0.005501665782033544	0.0030731386757398213	0.0017009810721070535
0.36640257492502376	0.2967547246167795	0.22851781620575815	0.16665329512840546	0.11508605891985171	0.07553732059606673	0.04743056956547163	0.02871310325895299	0.016886720330167176	0.009713363773202623	0.005494589956168467	0.0030697375788498434	0.0016993325041818857
0.3654210631424332	0.29597538701295945	0.22794861079471643	0.1662738875055624	0.11485543060555645	0.07540862833689864	0.04736384967195824	0.028680491208592382	0.016871468387256568	0.009706446846213797	0.00549151280175989	0.00306838158626456	0.0016987357531682806
0.36478084527594756	0.29539075331470693	0.22744675323554966	0.16587230578459228	0.11455659779084738	0.07520100302442274	0.04722797614565279	0.02859581809012615	0.016820672592977808	0.00967683427592192	0.005474609765440916	0.0030588802994086536	0.0016934541438375402
0.3651745124499828	0.29583453262227	0.2278995886796715	0.16628945795708064	0.11490427676522874	0.07546531178945343	0.04741357035057112	0.028717950072454347	0.01689705577297867	0.009722791011129703	0.005501472124436799	0.0030742501253426657	0.0017021116058646604
0.36434885484071355	0.2948542415069955	0.22686537490696151	0.16531525615757314	0.1140798163346638	0.07483183729181378	0.046965394420688436	0.028421436905777454	0.016710894828017023	0.009610472011452287	0.005435686610451472	0.0030365538515761538	0.0016808551750074846
0.3649982515029565	0.29574189360708814	0.22787835619000743	0.1663169311225754	0.11495498226118098	0.07551903473303194	0.04745900380917881	0.028751537171908256	0.016919744840813686	0.009737182492510182	0.005510200978089683	0.0030793773597706125	0.0017050545330925468
0.367189180270611	0.29701429026196835	0.22835003663274753	0.16622230169480692	0.11456450433449075	0.07505299097645309	0.04704626771023989	0.028439241684359264	0.016705950455385005	0.009600452696487304	0.005426825163910759	0.003030226650374162	0.0016767729566690833
0.3655963599490265	0.29635005362633854	0.22845349653056815	0.16681780894409126	0.11535547609575793	0.07581431378471777	0.04766171709836765	0.028882733672708875	0.017000797439121362	0.009785510238493689	0.005538261981558173	0.003095354592753969	0.001714021762465468
0.3655003323863857	0.29597338930557304	0.2278834874184654	0.16617348451484953	0.11474791701575472	0.07531393030754499	0.047290789312269314	0.028629281883978275	0.01683801654092494	0.009685694876286658	0.005479115843480375	0.0030611765540171495	0.0016946311619791487
0.36711534609898816	0.297364678465553	0.2290063966253087	0.16701749882397524	0.11533885210234354	0.07570181881653686	0.04753203272730783	0.028773159470247923	0.01692122135284789	0.009732777499151394	0.005505362817042907	0.0030756606527642854	0.0017025694039906497
0.3627534862328873	0.29406047591506834	0.2267489706151439	0.16565260992925648	0.1146236640303549	0.07538860005344689	0.047429176466999574	0.028761502774018743	0.016939498624981262	0.009755022696316607	0.005523180087855286	0.003087874352259043	0.0017102833021830765
0.36548590447956164	0.29627085968747596	0.22840401936638477	0.1667923499038228	0.11534616485298459	0.07581374232733794	0.0476646260662104	0.02888623392490846	0.017003710951904474	0.009787582105740095	0.005539609591035726	0.0030961829509826544	0.0017145120344246978
0.36313238692790556	0.2940706432309838	0.226471209285373	0.16521162846763957	0.1141463845730543	0.07496563672611523	0.0471014836165089	0.02853110347119493	0.016788640210738597	0.009661271044430679	0.005467099147742958	0.0030552477930170124	0.0016916825767966416
0.36435670128792036	0.29485218853761996	0.22685577579936825	0.16530162502531076	0.11406564446678813	0.07481954175966324	0.046955993368312375	0.028414885745291486	0.01670663211915831	0.009607834797556775	0.00543411418247201	0.0030356412099157397	0.0016803357655409096
0.3670217721215377	0.2968789573415563	0.22824886129429542	0.16615277179579138	0.11452051617135617	0.07502714007066653	0.04703195194143915	0.028431647217176555	0.016702029883370096	0.009598457004259625	0.005425813526755574	0.0030297125846924667	0.0016765100907898268
0.36615284411528937	0.29635277997742443	0.22802474104407633	0.16614622590534703	0.11463250668470444	0.07517585302680732	0.0471683912572071	0.02853662267984665	0.0167745626831836	0.009645104902939619	0.0054543609245750815	0.003046581749847022	0.001686232577286254
0.3667253087056198	0.29660707324430885	0.22801467368169628	0.1659649151109058	0.11438050098698001	0.07492976730789178	0.04696819618844684	0.028391904793242738	0.0166781842782581	0.009584554181353122	0.005417877100913771	0.0030252512129391815	0.0016740299710509391
0.3669332418850322	0.29672295770631063	0.22805124220140166	0.1659465061315192	0.1143346442551351	0.07487844865450886	0.04692390461446595	0.02835885472550577	0.01665575169162428	0.009570288639244064	0.005409211886894922	0.003020156895795402	0.0016711043524026655
0.3661480361949302	0.29671930379764505	0.2286555738260721	0.16689177262817145	0.11535073264962101	0.07577444444099707	0.04761528452281016	0.02884335088311346	0.016972137562757023	0.009766493863147312	0.005526387818090486	0.0030882423350055846	0.0017098841352989546
0.36718529304862624	0.2970699972939699	0.22844817960348662	0.1663389342259119	0.11467697951169377	0.07514667237477154	0.047116122262200785	0.02848712312874321	0.016736755264936145	0.009619359766817574	0.0054380346720060285	0.0030367061725784556	0.0016804497420790682
0.36684372174714286	0.29694911777902444	0.22850700763866486	0.1665094439943212	0.1148873266155199	0.07534345013351396	0.04727282753838081	0.028599020586597645	0.016810705905851778	0.009665585641840653	0.005465791572564504	0.003052895598411694	0.0016896955795363585
0.36493581741860776	0.2956259004553976	0.22772843998496614	0.16615854733671687	0.1148109610394771	0.07540297722934747	0.047374164606953734	0.028694104566303513	0.01688309310413495	0.009714808070072597	0.005496984697106616	0.0030717574639416646	0.0017007384827598605
0.3662897941790625	0.29651568941534634	0.2281967486696249	0.16630825935649454	0.11476957232612635	0.07528109101269745	0.04724278494427035	0.028585802640244913	0.016805418026502296	0.009663710510716954	0.00546525323921534	0.003052820994554644	0.0016897498362176341
0.3664754675673098	0.2968224011939855	0.22857685059307106	0.16670124207940815	0.11512221356817705	0.07556272697131101	0.04744735319233401	0.02872364228243591	0.016893080888092955	0.009717089185016695	0.005496724082272214	0.003070940450596723	0.0017000025314390576
0.36633938303403346	0.2966807262261916	0.22844041279286503	0.1665807950206994	0.11502494428529272	0.0754904974097356	0.04739751329547818	0.028691268441354348	0.016873028431207734	0.009705110486514932	0.0054897593509898954	0.0030669710007766244	0.001697773075263214
0.36464151208777296	0.2960263737999185	0.2286451877731147	0.16733126034327878	0.11598415230966326	0.07640278401929146	0.04813160301011868	0.02921928377125667	0.017223837415902093	0.009925256570817362	0.005622330918519762	0.0031444593168220075	0.0017420964911297712
0.365627932820829	0.29575305061527046	0.22740783875656567	0.1655753473357798	0.114155608572654	0.07481297297674049	0.04691353635704286	0.028368943478033492	0.01666972632895305	0.009582049648445046	0.00541751499719793	0.00302550471363029	0.0016743626446284645
0.3655944851264754	0.29601099256927543	0.22787454700475157	0.16613495878713083	0.11469795904929998	0.07526625127380325	0.04725240305601843	0.02860168320679719	0.01681969283208261	0.009674203943439506	0.0054722001294277185	0.0030571362453665216	0.001692320964845116
0.3672314633393838	0.29725831764227517	0.22873408821339566	0.16666192163409205	0.11498094297544374	0.07539640707800789	0.04730079501375793	0.028613030565803343	0.016817470111737162	0.009668779280558539	0.005467284302500983	0.0030535931779179923	0.0016900239542258588
0.3654830657851133	0.29647208294632416	0.22875127119396196	0.16720392927322858	0.11574387891582191	0.07614620871872883	0.04791351737628461	0.02905746193824474	0.017114215471019892	0.009855577465417042	0.005580001703809254	0.0031195663496817083	0.0017277959899277802
0.3638094768679234	0.29478458821457204	0.22716580848640644	0.1658299366288653	0.11464914583812459	0.07534109122906826	0.04736175335429369	0.028700790336937048	0.016894051541343512	0.009724382699766266	0.00550385726471572	0.0030762248962354854	0.0017034759766018318
0.36444505893145757	0.29549560943316155	0.2278880592785232	0.16649366005767766	0.11520175128821793	0.07576109631949375	0.04765674106062173	0.02889498774310465	0.01701555826128018	0.009797517414696423	0.0055466197150659344	0.0031006987579831145	0.0017172643663179467
0.36662254613994455	0.29709673348647175	0.22893185414415376	0.16707643754699286	0.11546335792923437	0.07583754131006741	0.047648154719631755	0.02885951252667415	0.016979751404822767	0.009769978327596513	0.005527955477420764	0.0030889426756087164	0.0017101974166857312
0.3651558087664124	0.2956384541764327	0.22757869674132553	0.16591647302310525	0.11454777768004976	0.07516947032971773	0.04719326063181107	0.028566973918208713	0.016799902412900043	0.00966313888534178	0.0054660923520053585	0.003053792328574903	0.0016904996481957857
0.36617050493640607	0.2966538734746331	0.22852601219039798	0.16673208719576027	0.1151937826004026	0.07564210967354942	0.0475157505575296	0.028774691888064852	0.016927757273975826	0.009739159384651922	0.005510139999165694	0.0030788325346520796	0.0017045370522395743
0.36319016437681234	0.29414905948315606	0.22656039685712762	0.1652996771373903	0.11422326182778451	0.07502599537621253	0.047144846437933395	0.028560110913801777	0.016806998763569374	0.009672412608926808	0.005473652809522481	0.0030590149671356026	0.0016938117333084306
0.3632057353046719	0.29436781073153623	0.2269227243167193	0.16572289999545228	0.11462908691577876	0.07536363123800283	0.04739681368241622	0.02873308405650474	0.01691846448660688	0.009740928763422672	0.005514324871026242	0.003082548399274801	0.0017071760601297032
0.3686158493350745	0.29846025018653577	0.22971222682001352	0.1674034085814342	0.11550451550763718	0.07574289687934965	0.047517932534338815	0.028743415380372134	0.016893317326938124	0.009711910867591352	0.005491425632097253	0.0030669580408013053	0.0016973671336417196
0.36738493386997334	0.29732064922933454	0.22872132609814358	0.16660136775454717	0.11490182148984456	0.0753207611276949	0.04723988184288504	0.02856925139508912	0.016788418409377986	0.009650569873939127	0.005456329903532823	0.003047195653680185	0.0016863669526869472
0.3667968581134031	0.2969672566767401	0.22857446850545668	0.1666028612920972	0.11498354629326153	0.07542652825359644	0.047336160581496575	0.02864306632334741	0.016839324822986394	0.009683272935738405	0.005476329456326223	0.0030590083375646466	0.0016931730407999663
0.3668011424655246	0.29683114893350765	0.2283384859873194	0.1663235675780485	0.11471451830878632	0.0752024648659422	0.047169022825540814	0.02852844541618044	0.01676554684303334	0.00963797113101071	0.0054494620019045845	0.003043473758928262	0.0016843561775052535
0.3669063745094309	0.2971123398291591	0.22873738123830809	0.16676237809141567	0.11512199080804864	0.07553471402377578	0.04741358848190226	0.028694703381902113	0.016871926297254036	0.009703020940433276	0.005487928690652467	0.0030656684418432023	0.0016969341118809101
0.3622209387548093	0.2933921677136704	0.22601965505626875	0.1649498637558333	0.11401923701347286	0.07491859255747552	0.04709363800524986	0.02853799081593749	0.016798446428934515	0.009669590599429165	0.005472997894932569	0.0030590573997142903	0.0016940079951805313
0.36369983397035605	0.2947509566621577	0.22719368674577203	0.1658955804672448	0.11472754282390898	0.07541365926717337	0.047419323828649856	0.028741851870203138	0.016921186302731938	0.009741350078207606	0.005514050057980239	0.0030821724635082134	0.0017068738991675174
0.36679268972692647	0.2971817600399274	0.22894476091291474	0.1670409142216037	0.11540572131141441	0.07577843999624433	0.04759889904341667	0.028823394116016445	0.016955474572709024	0.00975463059538205	0.005518667671335426	0.003083495757900977	0.001707074518710156
0.3647717422326602	0.29573381658349435	0.22804124227797581	0.16657705525611965	0.11523708098030111	0.0757692607973419	0.047652952423647726	0.028887926395180334	0.01700905269112728	0.00979268237731605	0.00554339882687748	0.0030986901297637166	0.0017160644248596997
0.3654551712077652	0.2958747784385215	0.2277499786048879	0.16602948491001143	0.11461555137367117	0.07520661367000786	0.04721205845472348	0.028575868378303827	0.016803883241461356	0.009664839563822237	0.005466789716461521	0.003054067076706606	0.001690603123931611
0.3675529315593559	0.29751367994869193	0.22892065207525644	0.16678631826923274	0.11505661024683243	0.07543868927751331	0.04732277195095739	0.028623816823196518	0.016822545200971293	0.00967110023584855	0.0054683282952507	0.0030540597030269605	0.001690232788149415
0.36406250561255854	0.295195694930081	0.2276727206612364	0.16635347140163306	0.11511932502642658	0.0757172400410399	0.04763551614235907	0.028885609279028293	0.017011790702998617	0.009796175080987318	0.005546231321844313	0.0031006428770178583	0.0017173016702076193
0.36869415075140205	0.29836640581240814	0.22949088070418044	0.16711941256876248	0.11522095529836392	0.07550210859336347	0.047336236039087584	0.02861790109719019	0.01681214170303767	0.00966190631229073	0.005461703413075483	0.003049746237828447	0.0016875876227310865
0.36276711756858293	0.29383939129396164	0.22635980248978887	0.16518881502436597	0.1141745095165523	0.07501273015164137	0.047147615253127426	0.028567714640680416	0.016814392810505854	0.009678022390344569	0.005477428900074774	0.0030613840580691744	0.0016952323559623872
0.3641991633495122	0.29541557177153993	0.22794297998710764	0.16663230553981126	0.11536971599714202	0.07591761708480708	0.047781417235020586	0.028984153215227113	0.01707459370638087	0.00983448244844164	0.0055688474171497705	0.0031136779791602525	0.0017246833868315783
0.3638498771326054	0.29489060634899306	0.22731587219699162	0.16599516200132974	0.11480290890340376	0.07546681134352401	0.04745455270834755	0.028764036684907898	0.016934607104942552	0.009749225604553158	0.005518568272945268	0.003084721981530683	0.0017082952584109672
0.36632095459184594	0.2964952960446817	0.22813766707245994	0.1662294003939244	0.11468951078023489	0.07521247680573714	0.04719070627385717	0.028549683600007012	0.0167819921427929	0.009649250525187194	0.005456645523393839	0.0030478309028786495	0.0016869122532743282
0.3617850757745891	0.29334244986356856	0.22627420309760304	0.16538070245722822	0.11449496730025913	0.07534433833306127	0.047425407110720005	0.028772140618286784	0.016952159322346956	0.009765291465937244	0.005530320097307192	0.003092437794996607	0.0017130516373644593
0.3679919342005722	0.2980411353636486	0.2294810893990132	0.16731647374344086	0.11550634478491367	0.07578465278856357	0.047567650493377904	0.02878583891993927	0.016924255267163586	0.009732454257863489	0.00550425613958428	0.003074643207846371	0.0017018377676303507
0.3663848482895315	0.2965728478813074	0.22822055834916116	0.16630810507473726	0.11475644199309107	0.07526405380559914	0.047227259526038706	0.028573891699548774	0.016797199777063003	0.009658429136371723	0.005462022570872778	0.0030509124351206294	0.001688650025013462
0.36406051103025727	0.29496664002818607	0.2272818739691751	0.16589215994965212	0.11467458861097096	0.07534601434338616	0.04735788192171596	0.028694733647985065	0.01688866132881493	0.009720434303246013	0.0055012473308451645	0.0030746048495173435	0.0017025110724054944
0.36751566401513064	0.29780349960528385	0.22944557890286427	0.1674165245885505	0.11566808915432752	0.07595024235101368	0.04770549613926151	0.028886827050918246	0.016992084836713297	0.009775311500692618	0.005530180158968771	0.0030898414931348358	0.001710549246272012
0.36637476486622655	0.2965395268076316	0.22817144224764058	0.16625322956668698	0.11470507116753854	0.07522196494463283	0.04719618306925901	0.0285527221310169	0.016783635232459123	0.009650126241463398	0.005457109193554132	0.003048076024206944	0.0016870420005148433
0.3655138667264209	0.29608577797055524	0.22806524639767461	0.16638389130458286	0.11494862314101936	0.07548029412846921	0.0474145868005297	0.028714076379850927	0.01689256251822304	0.009719177514126338	0.005498970751012218	0.0030726557766900383	0.0017011461798663548
0.36561167160518543	0.29656570649549996	0.22881128573589632	0.16723638033548482	0.11575738521041148	0.07614905917790535	0.04791173569044668	0.029054472260379462	0.017111513803008273	0.009853585068020688	0.005578679768551607	0.003118743892147171	0.0017273053870437587
0.3636572352872889	0.29456597392264355	0.2269101958883865	0.16557350170867507	0.11442294260648729	0.07516226550866233	0.047232666753059774	0.02861414666028085	0.016839083450097547	0.009690965553406379	0.005484176149931968	0.0030649015512305166	0.0016970719557610205
0.36563009136046937	0.2962518737246949	0.2282590092330906	0.1665779870138793	0.11511962863810983	0.07561533695804436	0.047511973979972554	0.028779388119615924	0.016933968005877098	0.009744335010328632	0.005513780606284039	0.0030811734951471143	0.0017059621609794551
0.3667492932475063	0.29713118979560116	0.22889201120276978	0.16699158363992017	0.11536417269680739	0.07574662084307694	0.04757643970758906	0.02880856013218269	0.016946172922069614	0.00974902371958492	0.0055153859881089395	0.0030816162677982043	0.0017060151073275763
0.3646556597976231	0.29532871109806175	0.22743803989666464	0.16589925554587215	0.11459969654326116	0.07524500427079948	0.047264569386775	0.028622618928680312	0.016838673443098057	0.00968820910144107	0.0054814912878301675	0.003062915241586071	0.001695767206866449
0.36605284202316996	0.2963344255317471	0.2280711014128729	0.16623052453185794	0.11472720238526672	0.07526107463748449	0.047234900564346455	0.028583555758840834	0.016805350264193136	0.009664256356510081	0.005465822754077608	0.0030532516879412815	0.0016900356817154021
0.3678556213631234	0.297503196022542	0.22866768277840982	0.1663989435162028	0.11464352242273862	0.07507611202588316	0.04704388959206481	0.028428844676622704	0.016695448744246038	0.00959238625155347	0.005421365982016994	0.0030267922382516783	0.0016747104202928412
0.3680822777010949	0.2977569093374222	0.22892497497449504	0.16663456962208417	0.11483879953637098	0.07522378497875291	0.047147101494767835	0.028496497064446586	0.016737624182721966	0.009617697442676331	0.005436131858326324	0.0030352282805112263	0.0016794569336315702
0.3658221209221272	0.2963274544875688	0.22823874359984767	0.16649683462585455	0.11501506768333664	0.07551571550722677	0.04743180445272579	0.028721749063954017	0.016895694466263905	0.00972032953424572	0.005499330974605412	0.0030727306596392526	0.0017011341783686128
0.36667984331294917	0.29704185787599635	0.22879321617398804	0.1668956759469687	0.1152813531872835	0.07568209706646419	0.04753034444836821	0.0287778534293071	0.016926799707587876	0.009737293976286084	0.0055084984821409146	0.003077662389795425	0.0017037826101687103
0.36723050488201725	0.29709691160753565	0.228459048375859	0.166338344845744	0.11467026534605353	0.07513820376749311	0.047108483977494765	0.028481295184716666	0.01673274787870564	0.009616790375080602	0.00543646546483122	0.003035780197129896	0.0016799165830146186
0.3664878895019555	0.2972666274007924	0.22932828812243475	0.16758539098119257	0.11597295166397682	0.07627176055915265	0.04797693515148451	0.029087327000947134	0.017127467199178337	0.00986115925860062	0.005582239500440528	0.0031204165178598206	0.0017280969921100653
0.3655400321648611	0.2959779672331759	0.22786042842970627	0.16613449225907514	0.11470496166142018	0.07527559341088615	0.04726099639424175	0.02860830743470299	0.01682427652002068	0.009677155140767084	0.005474007726644873	0.003058205070293428	0.0016929372732308607
0.3645551796630696	0.2955004589150667	0.22781039715037057	0.16636891068664034	0.11506615250167224	0.07564064476971777	0.047563281310349655	0.028829211527981496	0.01697246112665772	0.009770722220168077	0.005530586131051897	0.0030913687473382743	0.0017119444134790667
0.36522085688673245	0.2958307163615304	0.22785695648618012	0.166225337195672	0.11483615276630185	0.07540551720915326	0.04736751981179574	0.028685703427240215	0.016876002606709156	0.009709734860787531	0.0054936741156115815	0.003069718552939326	0.0016995302586392145
0.3654320512671565	0.29592210573191935	0.22784890202265792	0.16615299699107514	0.11473755261901233	0.07530970490790413	0.04728967361840802	0.02862943134307484	0.016838512304837645	0.00968616979527375	0.005479468925109606	0.003061410194628756	0.001694775816487564
0.3654678845347292	0.2958785639685822	0.2277465649057126	0.16602168539317746	0.11460631085580128	0.07519810157195815	0.04720532992085241	0.028571082875810238	0.016800727812431453	0.009662869836692508	0.005465607982471895	0.003053378202589567	0.0016902098500284892
0.36685334570446393	0.29679718541782907	0.2282399315112813	0.16619208521066628	0.11458114121367677	0.07508826301163764	0.04708241897016198	0.028468427952434705	0.01672664605043253	0.009613971332222256	0.005435181135914923	0.003035197329980376	0.0016796509204113268
0.36844600922818416	0.29845333951789954	0.22983270882341567	0.1675960295148129	0.11571306733796996	0.0759274404150015	0.04766060625301783	0.028843508951329724	0.016958724855424476	0.00975249000265438	0.005515666298565341	0.0030810455187537354	0.0017053918909536356
0.3654101693731544	0.2960642551380581	0.22810920879203644	0.1664666904458689	0.1150426360577341	0.0755654019954148	0.047481272245589574	0.02876126985105527	0.016923587319534555	0.009738507352290291	0.005510553070450346	0.00307940175772424	0.0017049951424215714
0.36349142864628703	0.29434984145369014	0.22666947133876822	0.16533878224967669	0.11421962426686803	0.07500348282933218	0.04711901493698499	0.02853831813321108	0.016791182165168637	0.009661934295196763	0.005467116291565883	0.003055102260689133	0.0016915364402305083
0.3633362294334228	0.29418058818056514	0.22650071764609742	0.1651858621808142	0.11409366285212473	0.0749085308266275	0.04705274383018307	0.028494897437994687	0.016764111293916965	0.009645683686039944	0.005457633153018504	0.003049682757084745	0.0016884864072724682
0.36724385437244766	0.29722130675543257	0.2286611961913888	0.16657238071131236	0.11489320804661343	0.07532264788824418	0.04724546324401959	0.028574947547359758	0.016792898469056267	0.009653666940521822	0.005458311348523298	0.003048400924128323	0.0016870753377007384
0.36421299854076233	0.29483719649823753	0.22694177646325409	0.16544556500737526	0.1142236626650984	0.07496030819243107	0.04706526181640223	0.028491753564432985	0.016756961528590197	0.009639104948671193	0.00545281430378751	0.003046517641930521	0.0016865351523970902
0.36635290042608126	0.29653243148229136	0.2281763087129052	0.16626544842634414	0.11471979938592916	0.07523562158763969	0.04720701165845765	0.02856043605518054	0.016788726050646727	0.009653305697180061	0.005459017266684197	0.0030491885079908187	0.001687677182856031
0.36520975709469355	0.29597090768289025	0.22810562493954709	0.16652225157770623	0.11512377606738053	0.07564611231230957	0.04754762029941001	0.02880956320156327	0.016955905370008656	0.009758882359244757	0.005522860857728714	0.003086610944618879	0.0017091249182913542
0.36598173875208334	0.2963402902073317	0.22813643566454986	0.16632866359957563	0.11483132034578188	0.0753523305653651	0.047305086641433056	0.028632645847514796	0.01683736926531052	0.009684097732851997	0.005477666286206239	0.003060131058449	0.0016939530741486928
0.3645924639953553	0.2955731530293294	0.22790586331286983	0.16647061486741419	0.11515913373397957	0.07571586226480298	0.047618425220254265	0.028866623499120593	0.016996375872077217	0.009785339392975271	0.005539228329810624	0.0030963548788155546	0.0017147700938171693
0.36418295449366517	0.2950018885697017	0.22724683079912264	0.16581430933453578	0.11458274635588478	0.07526146847213978	0.047291023672353646	0.028647147352716007	0.016857260185106332	0.009700819274058371	0.005489472709718362	0.0030677379501681686	0.0016985894521044011
0.3646154781426295	0.2952690229525367	0.22736720367177046	0.16582764304521486	0.11453626060926463	0.07519473825980139	0.04722823840503688	0.02859821666667566	0.016823186641256475	0.009678792302936372	0.00547594469074455	0.003059723896573646	0.001693962266116956
0.36091838165237616	0.29281800930059454	0.2260519152502237	0.16537725343382217	0.11461182053271912	0.07549905937689695	0.047567847432225654	0.02888220381219159	0.017028510052459797	0.009814558923931647	0.005560551212820627	0.0031103390109989107	0.0017233852982464894
0.3665031964153904	0.29663766944988584	0.2282393635653048	0.16629515147098486	0.11472783846985486	0.0752326559219279	0.04720034387788591	0.02855386627770596	0.016783626557476446	0.009649803554393887	0.005456785097332821	0.003047833899507841	0.0016868822397809583
0.36571822979911917	0.2963904059484664	0.22842752204515837	0.16675070957074173	0.11527396722289926	0.07573835349334822	0.04760125241059788	0.028839528147956477	0.01697221527639907	0.009767626285772208	0.005527514285368332	0.003089081640578646	0.0017104373481752447
0.3672425397273738	0.29747599943265285	0.22909781497691992	0.1670874780607258	0.115388759058117	0.0757351654638745	0.04755311605554539	0.02878591828742568	0.016928692419407698	0.009737049021617273	0.005507763980681343	0.0030769944569568643	0.0017033041590650217
0.3676656836963155	0.2979821093416156	0.22963445548178243	0.16759479237077993	0.11581919557878435	0.0760664850041939	0.04778780747708553	0.02894131624856637	0.01702630818177067	0.009795965027364245	0.0055422788637179725	0.0030967749461422887	0.0017144591710802205
0.36583870478524433	0.2965463477459234	0.22860066872809204	0.16691930378174757	0.11541992175314364	0.07585231133155733	0.04768281201001499	0.028893941469956937	0.01700658656764661	0.00978845633126761	0.005539754137863349	0.0030961119427731112	0.001714408523651803
0.3650901233709097	0.29565692634807395	0.2276613870806535	0.16603350449263438	0.11466938718406865	0.07527499886403705	0.047273977820780945	0.028623244255702753	0.0168365289121925	0.0096858048327009	0.005479609670829718	0.0030616390583073326	0.0016949659619179545
0.3665136804886346	0.29653921564791313	0.22806300977090121	0.1660843793070586	0.1145239283857463	0.07506244179299845	0.04707321101082935	0.028466612494536848	0.016727436333018035	0.009615289957837465	0.005436311374488302	0.003035994321725587	0.0016801617984742191
0.36432483173628344	0.2950703406419413	0.22725350537706046	0.16577995745069707	0.11453019074088965	0.07520846757969214	0.047247181783990115	0.028615127347600185	0.01683578842730921	0.00968726451150009	0.005481277537880671	0.0030629347616636235	0.0016958367664121077
0.3668829168289332	0.2971204451260518	0.2287695105731391	0.16680724570295558	0.11516837326464144	0.07557484903480806	0.04744423011951453	0.028716036188901197	0.016885798168775255	0.009711599039954825	0.005493041564088683	0.0030686351923440427	0.0016986222400073438
0.3648038364307664	0.2954988345981928	0.22761376967987831	0.16606251247936607	0.1147365819959917	0.0753495155709962	0.04733818632822245	0.028671174442896543	0.016869091910021686	0.009706533313006364	0.005492211777163237	0.0030690532752086896	0.0016992263135789589
0.3664681259853804	0.296957918811065	0.2288145652742674	0.16698401061383483	0.1153955514909871	0.07579102615935075	0.04761804701392198	0.02884092167211443	0.016968681682227066	0.00976356320005461	0.005524310620373172	0.003086901174193306	0.0017090656522633814
0.36739086413389266	0.29745083713292114	0.2289392682046142	0.1668563789536847	0.11514610092352595	0.0755235585887819	0.04739084468226736	0.028672634699992417	0.016854897550567096	0.009691361180945515	0.005480509927483988	0.0030611711766569457	0.0016942967958382615
0.36581831957639976	0.29622477135298964	0.22806601709164542	0.16629420413313245	0.1148205374747279	0.07535389266909859	0.04731112467839586	0.028638975775881877	0.016842400136284276	0.009687595020471045	0.005479911423635983	0.003061499783960046	0.0016947587570863175
0.36727970519710473	0.29728687919767005	0.22874540241415667	0.16666093566380505	0.11497340987556018	0.07538704235873384	0.04729238500440158	0.028606625114666596	0.016813069206243328	0.009665958712965607	0.00546556205323106	0.0030525770076301364	0.001689438899270491
0.3636103397445407	0.29427236368879406	0.22644462320464026	0.16503842433818766	0.11391437639382736	0.07474157042748578	0.046919979364533085	0.028400120117588256	0.01670146135974822	0.009606507082776173	0.005434099892305458	0.0030359520255389084	0.0016806424778531015
0.36763531598607513	0.2978008658175788	0.22934776622112507	0.16726539379752334	0.11550610926185197	0.07580750909044219	0.047595357648380056	0.028809627532673056	0.016941658140275803	0.009744031904585912	0.005511495887858435	0.003078983248508729	0.001704363929763244
0.36358351984730325	0.2945441625738768	0.2269302675088411	0.16561914642661554	0.11447704720800779	0.07521217120530888	0.04727217456908841	0.028642285222247373	0.016857659824746594	0.009702573115517376	0.005491145570144119	0.0030689667436249067	0.0016993938237180501
0.366206622393081	0.29694752018725457	0.2290009273014794	0.16728242298942936	0.11571941745560926	0.0760783585914363	0.0478407479479061	0.02899750760084823	0.01707119608704008	0.009827259104082553	0.005562405144088394	0.0031090597446523285	0.0017216965998301907
0.36576607392036076	0.295946368536845	0.22763076655462058	0.16579685821543239	0.1143495309037859	0.07496532157671	0.047022942612636856	0.02844207059430621	0.01671596589848896	0.009610088378360465	0.005433996211021923	0.0030349730542199626	0.0016797116488805677
0.36637733995838595	0.2969382800353907	0.2288517584836398	0.16705504581238886	0.11547652058835259	0.07586446422182624	0.04767565232619189	0.028881717570299344	0.01699551299054799	0.00978028540018341	0.005534332529245329	0.003092739141334166	0.0017123968702659298
0.3659783962937444	0.2965712082737491	0.22853425185068588	0.16679911384087676	0.11528478867987764	0.07573046482537105	0.04758752498193929	0.028826576482808952	0.016962327461418205	0.00976089090529104	0.005523240908004675	0.003086495475929452	0.0017089223545904155
0.3669303108261635	0.29701876294374213	0.2285587384443628	0.16654469792169702	0.1149093900380052	0.07535623942856681	0.047279791132828736	0.028602641373759993	0.016812533083234375	0.00966649316915809	0.005466240141419518	0.003053117979867195	0.0016898067031934185
0.3655528380799475	0.2961446025352453	0.22813557064367337	0.16645528524306483	0.11501203526075417	0.07553063195282007	0.047451014831448625	0.02873856489584908	0.016908113396018255	0.009728637254954268	0.005504544294803187	0.0030758633007707406	0.0017029605434348543
0.3661320989456295	0.296078448739244	0.2275723630731475	0.16561993536504313	0.11412998789135918	0.07475954346919533	0.04685893676361377	0.028324914490773817	0.016638523814097507	0.009561674073183403	0.00540492293812118	0.0030180149269855676	0.0016700264320567062
0.3674379097322212	0.29747386616621935	0.22894204498101958	0.1668456757250323	0.11512937784476127	0.07550661560795112	0.04737681469433926	0.028662389111028558	0.016848030674639112	0.009687028820189425	0.005477892038164593	0.0030596375453759853	0.0016934182065404318
0.3653662224825538	0.29580630331518365	0.22770206791112188	0.16599942208276106	0.11459879674901506	0.07519839408125782	0.047208574523529966	0.02857466713675904	0.016803628599119165	0.009664904331266069	0.005466920695109835	0.003054181014542278	0.001690683394872145
0.3664309263171692	0.29687368325614205	0.2286993325263517	0.16685905170945337	0.11528028240084508	0.07569733342898087	0.047549181814589135	0.02879413605961441	0.01693875299894806	0.009745263031408215	0.0055134886677139505	0.003080656752488027	0.0017055266881336824
0.36746289071705146	0.29775261719007634	0.22939960606378249	0.16737799125671085	0.11563823123179998	0.07592877780572618	0.0476910517759595	0.02887762273592033	0.016986465869514314	0.009771991393929954	0.0055282654811262145	0.003088756875329832	0.0017099428143114756
0.3655003323863857	0.29597338930557304	0.2278834874184654	0.16617348451484953	0.11474791701575472	0.07531393030754499	0.047290789312269314	0.028629281883978275	0.01683801654092494	0.009685694876286658	0.005479115843480375	0.0030611765540171495	0.0016946311619791487
0.36662482361050114	0.2967399016878021	0.22831956070552645	0.16635355092830287	0.11476736917988724	0.07525772706476362	0.04721542455581268	0.028562585804720004	0.016788531775867224	0.009652514291560535	0.005458266821586188	0.00304863868274698	0.0016873178081566753
0.36902578104306916	0.29869542404769284	0.22979537611540474	0.16737962567537323	0.11542565479985212	0.07565096912643093	0.047437280160899827	0.0286827053305614	0.01685189279986502	0.009685477923489375	0.005475332865758303	0.0030574820867392493	0.0016919191506547728
0.36660716461258647	0.29699365764593344	0.22876735018301234	0.1668868059571306	0.11528279464837267	0.07568800567964042	0.04753693306919792	0.028783353824909003	0.016930769981132576	0.009739915530046566	0.005510130287290837	0.003078637717355937	0.0017043491811071412
0.36541462488042636	0.29557633284593715	0.22727157735267353	0.1654780723900505	0.11409119956085595	0.07477307353060142	0.046890106139079964	0.028355710610945287	0.016662443641338773	0.009578103434832208	0.005415394240812062	0.0030243690492405702	0.001673755023022882
0.36447369423143333	0.29527503470404587	0.2274878800022973	0.16601225229903926	0.11473351229071695	0.07536835248768668	0.04736216202208498	0.0286920928174179	0.016884519447172393	0.009716846690089343	0.005498681356855045	0.0030729399914594157	0.001701492035145915
0.36801800570915844	0.29779210816011	0.22903500538632626	0.16678308720635507	0.11499010066616892	0.07535357660715802	0.04724561067559772	0.028564789276252358	0.01678189367594237	0.009645009835966358	0.005452383365291506	0.0030446463760025527	0.0016848110088013013
0.36794557908389675	0.297779444904103	0.22906964716407188	0.16684534137720655	0.11505975572644461	0.07541610705138493	0.04729431906786274	0.02859910929712565	0.016804380357756533	0.009658984630073739	0.0054607410207804	0.0030495072450277246	0.0016875814607757516
0.3673765021639054	0.29759347056662094	0.22919448411343898	0.16716163523366495	0.11544175752924053	0.07577064862173898	0.04757559082407254	0.028799540607520737	0.016936679709216293	0.009741620645149896	0.005510336065267667	0.003078424172255539	0.0017040921598172967
0.36691452442860584	0.29709908376538124	0.22870836286729748	0.16672573920891734	0.11508562957995971	0.07550391705889362	0.047390373791723124	0.02867867232904092	0.016861558506604913	0.009696633635143932	0.005484131583027604	0.0030634692657561173	0.0016956844158131483
0.366627560447833	0.2967613802469511	0.2283541448743913	0.16639348251887204	0.1148053749135623	0.07528916563579192	0.047238776879584804	0.028578556302937038	0.016798792281705034	0.009658806379103914	0.005461995111389521	0.003050792954840079	0.00168853992474761
0.36483428462391565	0.2955420576271829	0.2276640281630654	0.16611276271142944	0.11478080304576159	0.07538441147476861	0.04736334030075166	0.028688038919394622	0.01687978155794349	0.009713027516734403	0.005496034564247947	0.0030712518145001875	0.001700469350470171
0.36569093027534716	0.2960772156061303	0.2279127726264851	0.16615137301378874	0.11470055561845961	0.07526219744285548	0.04724650589529143	0.02859634810433992	0.016815694698579804	0.009671508217993957	0.005470500500965314	0.0030561118808929365	0.0016917225552752209
0.36420369068012814	0.29552367512592975	0.2281249403967874	0.166846408617202	0.11557605196748762	0.07608995473813085	0.04791042668225509	0.02907293247164416	0.01713191108439015	0.00986976440695095	0.005589813420468456	0.003125818740265607	0.0017315819669401291
0.3649259702181541	0.29561191183196556	0.22771216854238566	0.1661422750128369	0.11479663909528941	0.07539167438103002	0.047366016689164236	0.02868864157890033	0.016879630268650542	0.009712704284325573	0.005495746298900877	0.003071045238583542	0.0017003357942895721
0.3659460247225435	0.296320735159506	0.2281307794391248	0.1663326095899811	0.11484000567724197	0.07536186636953433	0.04731326605793428	0.028638735217814414	0.01684149893571632	0.0096867232799823	0.005479261101376714	0.0030610687365474664	0.0016944916302492651
0.3657813560885142	0.29648158098131405	0.22853445932038702	0.16685820049594563	0.11536890640069283	0.07581346865709968	0.047655501227937165	0.028875950212786865	0.016995325220097463	0.009781676544613418	0.005535789383290138	0.0030938426353382493	0.0017131299456008028
0.36795583239094665	0.29767124192996436	0.22887683366690192	0.16661533728013694	0.11483752623122796	0.07523080099735022	0.04715604474330936	0.028504285784618586	0.016743356370116032	0.009621522262801316	0.005438527492355686	0.0030366657682596196	0.0016802941277946912
0.3644303571649413	0.29528342581087796	0.22753601486207967	0.1660820067669569	0.1148066949951907	0.07543221213502299	0.04741119034513757	0.028726363576856977	0.01690687021418566	0.009730698308996094	0.005506950917974808	0.003077744223922758	0.0017042281712931614
0.366532175058307	0.29688552600523477	0.22864070337685188	0.16675969307929323	0.11517070055306793	0.07559945437028562	0.04747307091560092	0.028740529713477868	0.01690362513922719	0.00972342528955534	0.005500424118747135	0.00307305599591762	0.0017011935371336522
0.3680213397476125	0.29809153166569174	0.22954442366933295	0.1673824264235273	0.11556577530981779	0.07583223919407188	0.047602271348680426	0.02880919087826807	0.016939116489976837	0.009741507322039194	0.005509595154029907	0.0030777177589968257	0.0017035776975962828
0.3655219259679927	0.2959022605786261	0.22774505982898777	0.16600386661410274	0.1145817865368318	0.075174206712587	0.04718589818056093	0.028557032640760965	0.016791366857782278	0.009656986245417611	0.005462061615094431	0.003051304167478529	0.0016890230708306456
0.36334540360278156	0.2945542863615269	0.22713324411474284	0.16593001674398933	0.11480967118793144	0.07550536402212363	0.047498653068078094	0.02880123305136809	0.016961611972123012	0.009767123548545838	0.0055297375693332245	0.003091409959067172	0.001712185382685284
0.36771175997673816	0.2979671504261176	0.22957286948845837	0.1675083000147388	0.11572951169442686	0.07598871537670358	0.047728337502598514	0.028899862329322207	0.016999327472014828	0.009779269196618536	0.005532322454547186	0.003090995568749253	0.0017111697118655624
0.3676033920616288	0.2975693604794522	0.22897659826616285	0.16683725487526757	0.11509867397289944	0.07547043195531912	0.04734493089990972	0.028638331508086534	0.016831590394530273	0.00967652743428312	0.0054714939708382215	0.0030558681755933187	0.001691250269557634
0.3665777003225947	0.2969143967608005	0.22865464769173474	0.1667625903697344	0.11516724367998192	0.0755936301310021	0.04746736228930989	0.028736000811286702	0.01690044132475599	0.009721355527725612	0.005499148458453757	0.003072298529611474	0.001700755497900308
0.36718907998534	0.29726715708864726	0.2287821635934839	0.1667311544970172	0.11505328493826297	0.07545931489999191	0.047348945883743415	0.02864660083328089	0.01683931744714444	0.009682295958564346	0.0054753432613964	0.003058270338668808	0.0016926856891989932
0.36489745637529747	0.2957474139814098	0.22796641599690945	0.16645103364603728	0.11509814916905109	0.07564505267750034	0.04755624361123339	0.02881972429433983	0.016964308957867723	0.00976484026208461	0.005526729478126594	0.0030889864405465764	0.0017105299167067109
0.36966669742825503	0.2989562591571621	0.22974306433595884	0.16712828745133412	0.11509729981633574	0.0753373654697348	0.04718506487784402	0.028501648624193437	0.01673186794631229	0.009610311048116509	0.005430144564139407	0.0030311052997743	0.0016768474780748093
0.3688525874513905	0.2983708311278215	0.229375374857002	0.16693656356333858	0.11502390666070098	0.07532832266558995	0.0472022284241559	0.028524080282745817	0.016750931222414094	0.009623977567940098	0.005439066989149205	0.003036600189515914	0.0016801030025792862
0.3646218732883484	0.2952876580783994	0.227394104264482	0.1658574734784962	0.11456410140758413	0.07521752447283593	0.047245060402714804	0.028609679032161276	0.016830534196465154	0.009683291611591323	0.005478608202123402	0.003061261960053485	0.0016948344367700187
0.3643176536385205	0.2951122685508085	0.22733083695808318	0.1658733526801156	0.11462112841937115	0.07528474674692764	0.047304376128968824	0.028654503368717436	0.016861208518884396	0.009702908096673402	0.005490570995502444	0.0030683149347502017	0.0016988932161811246
0.36411370509446234	0.29512660380361533	0.22751434942466792	0.1661509196467798	0.11491677152434325	0.07554469237305692	0.04750484323835053	0.028795031469911032	0.016953035208778038	0.009759892692899272	0.005524623527005022	0.0030881112353946406	0.00171017321146601
0.36723902659108604	0.2971422412500141	0.22852985582348603	0.16641916224254683	0.11474669856198422	0.07520116890370508	0.047155117436817245	0.028513119301297827	0.01675316140861375	0.00962929391987165	0.005443867812567529	0.0030400546493814383	0.0016823403227958222
0.36466598653242854	0.29539821559116025	0.22754892970815238	0.1660270354176057	0.11472133716934194	0.07534573446053552	0.047339493756468266	0.028673929155549057	0.016871678449725237	0.009708469250541656	0.0054935057995142925	0.003069861771840725	0.0016997098450476182
0.363557354589486	0.294700441778074	0.22721828675543215	0.1659672058812535	0.11481629376875553	0.07549706031359202	0.0474860232123383	0.02878965702853194	0.016952877694677723	0.009761209271895003	0.005525997842259373	0.0030891514264668306	0.0017108640733071788
0.366686701502198	0.29688776096308916	0.22852422622990082	0.16657636386607616	0.11497312900712521	0.07542495251860015	0.047338262947047245	0.028645978616668722	0.016841841019225652	0.009685091446245903	0.005477522414383976	0.0030597453161469767	0.001693610601487675
0.36426149016326326	0.29496814203052557	0.2271279719316598	0.16565070439962726	0.11441442929755705	0.07511608574330372	0.04718008976566122	0.028569913683686384	0.016807026075196962	0.00966974594708644	0.0054709463420374105	0.0030569852493263897	0.0016924697136622368
0.36425265725564854	0.2951588599371885	0.2274612353924847	0.1660466877405795	0.11479710522092118	0.07543575742864685	0.04741918803860189	0.028734264296709684	0.016913015899175245	0.00973492611510766	0.0055096491652608034	0.003079383327417637	0.0017051908008882985
0.36660197099039543	0.2970653910991587	0.22889422433023265	0.167038139213869	0.1154292857050757	0.0758104642884665	0.047628545219780064	0.028846323507215665	0.01697137316909249	0.009764880603120583	0.005524951505480472	0.0030872137339078122	0.0017092193545466768
0.3648153031055186	0.2957748183617883	0.22807750260982934	0.16660689793198	0.1152598612948529	0.07578544355330166	0.0476637421067574	0.028894753260682218	0.01701319793373724	0.009795121793840287	0.00554480135508466	0.0030994828309571995	0.0017165068950935449
0.36366043749079874	0.29470964755800294	0.22715365556011927	0.1658600418537175	0.1146986965919482	0.07539214177025845	0.047404418408263864	0.028732138572045325	0.016915154146634373	0.009737739269514172	0.005511947319589292	0.003080972597337575	0.0017061993802582563
0.3680082273926291	0.2976415175041935	0.2287854233786182	0.16649231357555264	0.1147123769722738	0.07512354468671344	0.04707469517831736	0.028447918482833314	0.016706831060973308	0.009598994152659326	0.005425125591481267	0.0030289002988485043	0.0016758800611235331
0.3627740869965894	0.293924650900398	0.22650029257087162	0.16535261146519842	0.11433142251654607	0.07514320440137831	0.047244950288624785	0.028634519481763668	0.016857436459394214	0.009704478185968682	0.005493132450282547	0.003070469990581189	0.0017003919978201244
0.3674198469373307	0.2976214481526573	0.22920859184470907	0.16716536890248115	0.11543940172372608	0.0757658816367144	0.04757073660885858	0.028795627727104676	0.01693390579413003	0.00973980838222267	0.005509215589833962	0.003077757463886226	0.001703706056610678
0.3656081647369999	0.2959096772209419	0.22769071190958115	0.16591424078941364	0.11448383967908478	0.0750871514797719	0.04711841850627027	0.02850960929114468	0.016760338820944166	0.009637718655647273	0.005450543914870302	0.003044607232679029	0.0016852067920063362
0.36598172306293936	0.29659807792138576	0.22857767901062495	0.16684941515337054	0.11533281427648932	0.07577031074510425	0.0476172015984314	0.028846918257123023	0.016975420460555092	0.009768931603376775	0.00552801061613104	0.0030892538204581876	0.0017104881493585618
0.36269168208088676	0.2940689538342219	0.22681173319159864	0.1657453096730177	0.11472170391680814	0.0754745791593404	0.04749542600391793	0.02880793833059818	0.016969846728032624	0.009773860700422302	0.0055344401941497786	0.003094421898675654	0.0017140148298532784
0.36512969593401917	0.2955083950491522	0.22737667973500378	0.16568615104878226	0.11432986131341807	0.0749897649518953	0.04705999990184425	0.028475921242764855	0.016741433623219497	0.009627293834779777	0.005444856144223333	0.0030415227330034857	0.001683539459555468
0.363169492082874	0.29438602486781595	0.22698219613240989	0.1658040177525889	0.1147123566805243	0.07543554595398705	0.047451722499902815	0.028771344649455067	0.016943370468305192	0.009756345952638685	0.005523522218291873	0.003087889002081525	0.001710216662698323
0.3665351218483886	0.29693171739025837	0.22871746766184556	0.16684940118888494	0.11525667031692832	0.07567090020238888	0.047526319878583426	0.028777038054028453	0.0169271246685601	0.009737856202647593	0.005508983854298745	0.0030780057674200754	0.0017040031306492357
0.3636428462966346	0.2949113763720242	0.2275130952632039	0.1662902953862625	0.1151164116029173	0.07574228752845698	0.04766702155790941	0.028913033349261257	0.017032008427754	0.009809692927748163	0.005554713647871047	0.0031057403529045377	0.0017202739810288242
0.36638813808833176	0.2966083961570607	0.2282787716345822	0.1663757275920451	0.11482100655481092	0.07531756646135015	0.04726706094003224	0.028601137145879	0.016814715928541345	0.009669175947914934	0.005468392755801257	0.003054594220744564	0.0016907391066975626
0.36728934150538034	0.2974096109524107	0.22894776962356594	0.1668965752265202	0.11519864803246867	0.07557383249122417	0.047431354659114515	0.028701766907395395	0.01687423885418872	0.009703488748074047	0.00548780772919569	0.0030654341274538215	0.0016967340144124592
0.3657092977149537	0.29652472739408225	0.22866467992370204	0.1670336850556854	0.11554815144529212	0.07596782499453097	0.047773122417747955	0.028957787473098653	0.017048537132356618	0.009814586695727216	0.005555409242700606	0.003105229449962528	0.0017196103894581358
0.36435775954137106	0.29539106404714327	0.2277770348081948	0.1663884912678948	0.11511230776886318	0.07569207616066485	0.04760773220372753	0.028862467090699156	0.016995092657050726	0.009785147162738057	0.0055393644085857535	0.0030965370171105004	0.0017149157966042752
0.36279158566204484	0.2940757941209792	0.2267454932164021	0.16563711417940255	0.11460344746707526	0.07536922131415945	0.04741351737185828	0.028750209629523394	0.016931981902050496	0.009750299530988193	0.005520333111937206	0.0030862091317891576	0.0017093303055250545
0.3635657717415561	0.2942851495964649	0.22650108275509934	0.16511816541889493	0.11399714565366227	0.074813344507747	0.046974853470130654	0.028438363591008865	0.016726349815731578	0.009621907482965195	0.005443283708173015	0.0030412830043988403	0.0016836767852745486
0.36608261443816004	0.2964666470270707	0.22827406350902876	0.16646097215055386	0.11494481638981582	0.07544034051652128	0.04736774903244061	0.028674287426768433	0.01686359509593941	0.009699956131070985	0.005486969389725379	0.0030654680215599665	0.0016969650171197875
0.36285039146069564	0.2938766022979151	0.2263586649252848	0.1651626951847565	0.11413791841121994	0.07497681888105313	0.04711828087993247	0.028546436855954874	0.016800182974344217	0.009669075248524884	0.005472028733470292	0.0030582226880914486	0.001693422040779055
