r0	r1	r2	r3	r4	r5	r6	r7	r8	r9	r10	r11	r12
0.31947540205222696	0.2515794219565782	0.18796420738831715	0.13298942566533545	0.08928254639928196	0.05717724139045865	0.03518250444045767	0.020961406351536198	0.01217848156966202	0.006941526405180208	0.0039002214363666114	0.002168207189694454	0.0011959122677404432
0.31795153879251337	0.25118703167997747	0.18840471088140076	0.13387695880290976	0.09027159366919915	0.05804760864718316	0.03584664955237708	0.021421282139652373	0.012475730960569201	0.007124389647588873	0.004008771002454718	0.0022309994252906647	0.0012315606721453474
0.31981335828766266	0.2522546909121816	0.1888240810026535	0.13386686153816743	0.09004992791457625	0.057773494624340414	0.035605094982674286	0.02124051076956872	0.012353262902286166	0.007046727585631958	0.003961719635276244	0.0022033956922932097	0.0012157335515755635
0.3189833972207736	0.2517650695926744	0.18861464866325042	0.1338457909442228	0.09012488056117048	0.057876293919090424	0.035698562196830666	0.02131146818517109	0.012401712085042071	0.007077595828603584	0.003980477185821465	0.002214422141533957	0.001222064371077847
0.3179564548292165	0.2504421635598189	0.18718730004511305	0.132507863117896	0.08901140744598564	0.057037662211144424	0.03511621738636678	0.02093213695755182	0.01216642822910891	0.006936926774188469	0.003898637286460084	0.0021677545671274995	0.0011958419927165537
0.3156324258078827	0.24892374746118612	0.18635889079954646	0.13217513797848482	0.08896793496162769	0.05712152038908654	0.03522985495563865	0.02103138269172494	0.012239080359564695	0.00698511425007923	0.003928666291635972	0.002185702414663858	0.001206263915324958
0.3175148418052101	0.2502674057833253	0.18721493326695726	0.1326520476787431	0.08919347815873895	0.057205712053689864	0.035247561005256445	0.02102434371973292	0.012226539012511374	0.006974112745777508	0.00392079456935223	0.0021806052441274643	0.001203150965954565
0.3183846036121242	0.25059638512541366	0.18713611263656718	0.13234120336069918	0.08881070236979184	0.05685577754544407	0.03497544184523704	0.020833899273180273	0.012102638699057535	0.006897572157466371	0.0038752325827409507	0.0021541989002382125	0.0011881396037036708
0.3197066314115227	0.2521278860343799	0.1886931104895935	0.1337472939261482	0.08995210286249171	0.05770066008385138	0.03555492231637562	0.02120801405484906	0.012333188496551665	0.0070347610627210086	0.003954772551835655	0.0021994404558535563	0.0012135136598252628
0.3183515223555227	0.25098492035665076	0.18779113243802256	0.13308356608707667	0.08949544242806899	0.057404576146631046	0.035372076724370316	0.021099272604248178	0.012270297787490897	0.0069991119399534585	0.003934851030006906	0.0021884190525825837	0.0012074591183850536
0.3182070754031475	0.25082935818827057	0.18764007499676066	0.13295119526481053	0.0893901437435779	0.05732770493651146	0.035319857394738426	0.0210657864004179	0.012249760359715886	0.006986932926763162	0.003927807240250173	0.0021844197701034397	0.0012052190049285161
0.3180872680054481	0.2505703366182289	0.1873033608409317	0.1326044081166119	0.089085278768037	0.05709004756965974	0.03515104188471699	0.020954112574148153	0.012179746582252453	0.006944755554259944	0.0039031357845202242	0.0021702965011176066	0.0011972607935207627
0.3181055807726518	0.2507632887518351	0.18760431386201482	0.13293715082175064	0.08938870281192465	0.05733173786260762	0.03532508901607991	0.021070300356975408	0.012253046379918173	0.006989105618199204	0.003929158573545733	0.002185226410246921	0.0012056869958688321
0.3184363597024803	0.2508972521588202	0.18758850233903912	0.13283452613394794	0.08925717559400626	0.057209685733274396	0.03522943687401388	0.02100304341751175	0.012209156812588709	0.006961936520986553	0.0039129625622604134	0.002175830184922133	0.0012003416036132056
0.32227266678989547	0.2541175075130609	0.1901160241725884	0.13468363920763027	0.09052196019903126	0.058025151871639	0.0357304783614391	0.021299716555006825	0.012380110979164163	0.0070585538191830395	0.003966828063529727	0.0022055766069622226	0.0012166598653558533
0.32047019142669353	0.2524381513139667	0.18865803173683596	0.1335118710137942	0.08964986322500489	0.05742010850092553	0.03533507512651828	0.021053466008976767	0.012232361825038443	0.006972361047439644	0.003917582379673275	0.002177867934085398	0.0012012429448349374
0.31811936091724713	0.25112505307759275	0.18818414255248295	0.13358507622588908	0.08998325493952099	0.05780738940619191	0.035668717620338325	0.021300246827733044	0.012398375189265112	0.007077155231579795	0.003980874125131692	0.0022149188471336503	0.0012224540908447675
0.31821321271631897	0.25104559239713997	0.18798793977516476	0.13334020479413422	0.08974710371464839	0.05761320082984579	0.03552603962361073	0.021203712103248284	0.012336906163799765	0.007039719286697805	0.003958805448404228	0.002202214884516628	0.001215266712976372
0.31786859511131826	0.25096682400897546	0.18810410066657257	0.1335599358750442	0.08998871545485272	0.057824762113950455	0.03568712090216618	0.021315136469003508	0.012408892802051078	0.007083994437419691	0.0039850850105935575	0.0022174160920961318	0.0012238966250117467
0.32063286043074224	0.2525096073285285	0.18865937598938956	0.1334717482756402	0.0895948303042625	0.057367936125930497	0.03529379740290509	0.021024300321552405	0.012213277787134906	0.006960528644092537	0.003910522004336596	0.002173769282153507	0.0011989103330484671
0.3134297716282162	0.24710237026495474	0.18495108348056527	0.13116069128550434	0.0882840568426629	0.05668649494281297	0.03496578814068658	0.0208766712041254	0.0121507246122669	0.006935545392214922	0.003901194117684303	0.002170601879048539	0.001198009937475962
0.31675223670710706	0.2497986308801333	0.18699121495638008	0.13259702778812368	0.0892291395562359	0.05727330552724965	0.035313877711276816	0.021076373780732616	0.01226269931119311	0.006997398162763296	0.003935041518595088	0.002189018694232951	0.0012079968276029667
0.3192321500899926	0.25179698624210783	0.1884902036568051	0.13364169752727562	0.08990879396995506	0.05769033300663236	0.035558351825257996	0.02121507530971135	0.012339691384811271	0.007039557934063682	0.003957944713566417	0.002201406950455034	0.00121468306087238
0.3193463501533758	0.252000443494217	0.1887408715689281	0.1338938910340548	0.09012783740466625	0.05785993021449188	0.03567833401872319	0.021294244241040775	0.012389244619414333	0.0070693766351629305	0.003975373791372604	0.0022113789882729534	0.0012203000047247194
0.3198975883878731	0.2520852804611362	0.18848862446522904	0.1334688009030942	0.08967475627804879	0.0574690854033954	0.035383383742076724	0.021091412347693236	0.012258735230277363	0.006989339058951123	0.003927966304638032	0.0021839979470520267	0.0012047725804890843
0.31820245873531516	0.25079709325664695	0.18759082873388416	0.13289713835052594	0.08934101268787277	0.05728863783907202	0.0352917518779531	0.021047035172204957	0.012237935052135393	0.0069797797249432575	0.003923610704275541	0.0021820123772777603	0.0012038604140640332
0.31787411434298646	0.25053364706189896	0.18739423024453855	0.13276092432447098	0.0892529491491962	0.057234950388203906	0.03526047605785183	0.02102939482989578	0.01222819441843423	0.0069744700637552216	0.003920737175382604	0.002180462887894834	0.0012030261683576456
0.3200447258491539	0.25225832765388456	0.18866617639536892	0.1336301110954113	0.08980623801267536	0.05756668793439263	0.03545046072253265	0.02113477891733488	0.012285487004455403	0.00700526919526599	0.00393720712075218	0.002189255991049227	0.0012077223878989415
0.31789756350177933	0.2505614023593656	0.1874228205371084	0.13278697289861935	0.08927422868601505	0.05725077616000791	0.03527136906679355	0.021036446267609414	0.01223254867457603	0.0069770649902271735	0.003922243371186383	0.002181320315727682	0.00120350736168935
0.3201029764626637	0.25232080669523865	0.18872666378152633	0.1336829870823488	0.08984821330200368	0.057597277139093885	0.035471209373243474	0.021148067952006792	0.012293629318854363	0.0070100940029370635	0.003939995917269685	0.0021908386836293086	0.001208608598169331
0.3193463501533758	0.252000443494217	0.1887408715689281	0.1338938910340548	0.09012783740466625	0.05785993021449188	0.03567833401872319	0.021294244241040775	0.012389244619414333	0.0070693766351629305	0.003975373791372604	0.0022113789882729534	0.0012203000047247194
0.3199390053120054	0.2520153479115474	0.18834563779885344	0.1332979613560024	0.08951338150468333	0.05733806131151074	0.03528794967238484	0.02102724524884511	0.012218063241111687	0.006964652405065854	0.003913449573489684	0.0021756566238794193	0.0012000597774049575
0.3159338204003266	0.2492266077978969	0.18663888472887907	0.13241207120406237	0.08915178640707067	0.05725338739374025	0.03531831350474096	0.02108759989132328	0.012273337051540094	0.007005334609820648	0.003940321446721468	0.002192303704591819	0.001209954885724164
0.3195775748182025	0.25214383591002887	0.18881060120011345	0.13391254532535732	0.09011871172000063	0.057840704301928454	0.0356590976753031	0.021279028830124707	0.01237862441902143	0.007062520173595432	0.003971171867004512	0.002208894870559025	0.0012188681754868357
0.31622843082003677	0.24920822801286902	0.18640054612428453	0.13206871653871133	0.08880272869559432	0.056958720947737795	0.0350985227288884	0.020937486995499962	0.012177159513685962	0.0069465136924922	0.0039055445314997053	0.0021722426331347035	0.001198588313063455
0.3181879067701253	0.2508341624499945	0.18766145264915796	0.13298010600435833	0.08941886872023493	0.05735166745679187	0.03533760186621222	0.021077847345847736	0.012257462030811196	0.006991631972161932	0.003930580711101835	0.002186017654137954	0.001206123540633348
0.32082520559194017	0.2530304272048902	0.1893708719539353	0.13422007561244997	0.09025993360718512	0.057889675300852296	0.035665803773136336	0.021270963687902524	0.01236815331650048	0.00705391840894113	0.003965185067926652	0.0022050750015227636	0.0012165558455928271
0.3163918076163058	0.24957625421699556	0.18688418562411305	0.13256965241487467	0.08924482788049995	0.05730439974850251	0.03534466149191271	0.021100624000017495	0.012279592295104957	0.007008292684290692	0.003941713985882425	0.002192961871930359	0.001210269107998197
0.3173045577868744	0.25023908770077474	0.1873176075222588	0.13282137062995894	0.08937289485963931	0.057360108796942366	0.03536394611442414	0.02110433832061734	0.012277998967853655	0.007005669105471731	0.003939485642340359	0.0021914007723484175	0.00120927311805777
0.3208590558004599	0.2526510091168547	0.18872959555632088	0.13349252053500743	0.08958851470640063	0.05735145862014763	0.035276824541807215	0.021010744335396812	0.012203777130777253	0.006954383281669069	0.003906752334971841	0.002171539637767057	0.0011976248567309087
0.32112842133359654	0.25306080156340716	0.18920567298577198	0.1339567751207947	0.08998389232721625	0.057653464544769384	0.035488404851074046	0.021149356987917114	0.012290079584395612	0.007006113227499519	0.003936901402240105	0.0021887527193813904	0.0012073052610803746
0.3192449332661334	0.2514395807960802	0.18789950881710318	0.1329759193947899	0.08929601235256024	0.05719966229275044	0.03520387458957595	0.020977952360544123	0.012189893274741594	0.006948838958986221	0.003904680667187452	0.002170834438611154	0.001197422971769634
0.3208641297876292	0.25307211620019326	0.1894112087053261	0.13425533466439862	0.09028792990185523	0.05791008400258547	0.035679651546778685	0.021279835423524157	0.012373590375196253	0.007057140769072469	0.003967047881787898	0.0022061322877919586	0.0012171479042280746
0.3198773212684517	0.2520561516717095	0.18845556058961363	0.13343693660344508	0.0896477978080112	0.05744857273098717	0.035369046256877056	0.021082032866699005	0.012252900687421192	0.006985843856640928	0.003925930028593028	0.0021828356736839096	0.0012041190507186541
0.3204028484625201	0.2530187657682542	0.18965180910486018	0.1346451027562765	0.090699168838323	0.058263406503697386	0.03594578403929392	0.021462673785722017	0.012491173300296367	0.00712922892362891	0.00400973884785329	0.00223078628537103	0.001231127757901452
0.31850861636642436	0.2514764357187771	0.1884809909660343	0.1338183182433614	0.09015373915341744	0.05792401378908163	0.0357441142660015	0.021346819136499322	0.01242614609079586	0.007093281002171995	0.003990055579746545	0.002220071573259207	0.0012253155377776291
0.31865722716212236	0.25164648662477684	0.18865293721152027	0.13397335347066636	0.09027965586606826	0.05801736163904722	0.03580825661071047	0.021388303039975413	0.012451749943251983	0.007108535662318503	0.003998908689274543	0.0022251109394605443	0.00122814351940682
0.318761046875411	0.25143743462757573	0.18823819930096075	0.13348008333341746	0.08981359773685924	0.057638295614043676	0.03553157027911789	0.021201891402304263	0.0123333889434664	0.007036593037791623	0.003956556872892971	0.0022007549373419017	0.0012143736817229916
0.3169137650082241	0.24983134932380285	0.1869301974712681	0.13248697583626043	0.0891096802608218	0.057169368682171706	0.035235046447187224	0.02102198358382679	0.012227622159320106	0.006975850934917329	0.003922263492794303	0.0021816320592817863	0.0012038052763892093
0.31648246385295203	0.2495664979286424	0.1868040957917078	0.13245633460608938	0.08913029728634113	0.05720797062151934	0.03527283522778623	0.021051607312812026	0.012248202680544926	0.006989101291479825	0.003930369786982766	0.0021864189183911516	0.0012065622569806373
0.31891685948955273	0.25108113907349516	0.18754842588781576	0.13266672313352249	0.08904938235365199	0.057019373123922384	0.035081332859855534	0.020899357922118583	0.012141691314683222	0.00692025698087627	0.0038881518901330045	0.0021614507514357848	0.001192167337561909
0.31545591630700576	0.2485984603298637	0.18595418119157192	0.13176622000130572	0.08861193140880685	0.05684545270988014	0.03503432458395578	0.020902246737394308	0.012158192990369257	0.0069364119860579896	0.0039001867821913173	0.002169402134437118	0.0011970799906483379
0.3205925291784524	0.2528021613636628	0.1891638794355666	0.13404763969433878	0.09012782190494616	0.057795888082279576	0.035603404574177065	0.021231563448650168	0.012344264487153965	0.007039871912833233	0.003957112145554328	0.002200512646054604	0.0012140090798711098
0.3215354910017089	0.253075520159492	0.1889423160565256	0.13355779541373988	0.08957263923457177	0.05730468973325302	0.03522794596510777	0.020971502324183277	0.012176206364380965	0.006936525374851983	0.0038957891793599095	0.0021650519872138817	0.0011938832374989716
0.31622030684074914	0.24924695903358815	0.18646930392050592	0.13214793282160286	0.08887642407551255	0.05701811168789801	0.035141614306178154	0.02096640115164601	0.012195466481214369	0.006957618897794299	0.003912072751047014	0.002175993105376275	0.001200707111411536
0.31851708862167827	0.25116591681214184	0.18796867898533343	0.13324025917844556	0.08962072540416474	0.0574963748397014	0.035434604670871735	0.0211394484340238	0.012294973629146866	0.007013760584702867	0.003943329714451398	0.0021932357688505227	0.0012101582252448363
0.31979008069063647	0.2521534055979635	0.18867557147380454	0.13370612122600053	0.08990481888468914	0.05765854576467676	0.03552259177367389	0.021185551408181253	0.012318639808102628	0.007025799477224226	0.003949448416302679	0.0021963588982826373	0.0012117635256891086
0.3207177709665235	0.25261522065025155	0.18877111870304641	0.1335751445916106	0.08968007366177547	0.057431678529579956	0.035337814224051	0.021052849211285675	0.012230927313551156	0.006971054457058766	0.003916634340914194	0.0021772498380272618	0.0012008640101790812
0.31801171623289015	0.2509688104009559	0.18800569102016912	0.13341219305164828	0.08983628452192188	0.05769507501897618	0.035589920639968034	0.02124853839795756	0.01236612979409207	0.007057801035060866	0.003969581761265756	0.0022084660967191115	0.001218822739788483
0.32011042345543084	0.2522410356373533	0.18859159045545107	0.13352962345960684	0.08970660215405969	0.057483703619805135	0.035389091704555536	0.021093112328078055	0.012258904088318097	0.006989061573240141	0.003927646322763985	0.002183750032879667	0.001204606548766473
0.3209991027086096	0.25295009456485773	0.18911698109966116	0.13389054387329932	0.08993769023756684	0.057623131829952996	0.0354694670340979	0.021137989462668646	0.012283454762478399	0.007002334863088483	0.003934779725481865	0.0021875745095418495	0.0012066561584447098
0.3189699853843581	0.2515975356800493	0.18835100589538775	0.13355293147079397	0.0898568959169272	0.05766223806331441	0.03554407207866909	0.021208156019810652	0.012336447842461724	0.007038067690122591	0.003957266145280098	0.002201097917712617	0.0012145412685913256
0.3188078977179174	0.25096547087893206	0.18743733344972266	0.13257022367320123	0.08897316517517369	0.056964053958153384	0.03504392769542515	0.020875458380543697	0.012127074410316508	0.006911607319413207	0.003883157299195582	0.002158618329355859	0.0011905822202577482
0.3181136511365871	0.2511144993688547	0.18817097782087733	0.13357174243252953	0.08997162173686131	0.057798352218500784	0.035662307839388646	0.021296009024551112	0.012395718638178658	0.0070755548002610705	0.003979937854622584	0.0022143828106864476	0.001222152011103017
0.317927727696018	0.25111384224978894	0.18830209488705385	0.13376753312667355	0.09017336577464934	0.05796993990544932	0.0357909130790942	0.021384134425948016	0.012452312026084158	0.007110223937876441	0.004000459811519843	0.0022262310707290536	0.0012288693927384991
0.31752612091780386	0.25033940961663276	0.18732416219604828	0.13277171577829414	0.08930216383877901	0.057292115993615965	0.03530972187219261	0.021065819839918315	0.01225269886785962	0.006989938929149656	0.003930080223508854	0.0021859325302108264	0.001206157577848503
0.3199779789189825	0.25253615980354516	0.18916618476364944	0.13420879689231677	0.09034580076736644	0.058002032054706505	0.03576651503142692	0.02134690239895456	0.01241980184376504	0.007086744182656283	0.00398509949282488	0.002216768320902141	0.0012232642334076794
0.3193742891996562	0.252269210805951	0.1891596909676261	0.13435792591091122	0.09055216463961381	0.05819886200214089	0.03592300658111841	0.02145791117497098	0.012492664115755364	0.007132028297704772	0.004012169725986248	0.002232504545112601	0.001232229154757038
0.3192404455318139	0.2517631266160786	0.18842915866109508	0.13357100717441417	0.08984285868415721	0.05763711679926489	0.0355197067242134	0.02118913184277313	0.012323260793899272	0.00702958950321296	0.0039520843170588954	0.002198040027254997	0.0012127809185428124
0.3194464897686049	0.2517225326683216	0.18821729294926975	0.13328035419538029	0.08955261729240654	0.05739442991605339	0.03533977805144945	0.021066754164236107	0.012245086571718635	0.006981882982922344	0.003923923617619432	0.002181814620588436	0.0012035955956774824
0.321466848503624	0.2532770130709222	0.18931818396428113	0.1339960606602518	0.08998183836064517	0.057634619792302805	0.03546713684499722	0.021131796838350477	0.012277565332226867	0.006997939486502629	0.003931856653457528	0.002185756763657544	0.0012055731765693613
0.31883812823043384	0.25168036025573537	0.1885796283598536	0.13384398327564742	0.09013977551573472	0.057895748441330164	0.03571600504978374	0.021324628756226798	0.012410668788413261	0.007083291549022162	0.0039839341919666905	0.0022164527515438235	0.00122322964270332
0.31653123994136617	0.2497722812913742	0.18710487756238436	0.13278174547391053	0.08942423766034725	0.057441062678475416	0.0354403349898006	0.02116331599026923	0.012318648161255183	0.007031718504512534	0.003955375400747002	0.0022007657127132356	0.001214659739933636
0.31866953452035673	0.2513656537747686	0.18818608700548178	0.13344513759501314	0.08979183767448683	0.05762556942413418	0.0355244755983004	0.02119806385060781	0.01233136418218776	0.00703553213105385	0.003956002459896565	0.0022004647655186477	0.0012142212541841335
0.3192299979303824	0.2518352634616736	0.1885541112478186	0.13371404272956605	0.0899755762681212	0.05774392848715949	0.035597140308615154	0.021241058747362828	0.012356123705899887	0.007049517669744193	0.003963796014462699	0.0022047670323930477	0.001216580686868824
0.32034535297887096	0.25228153055729485	0.1884915505121302	0.13335738545773046	0.08952225882627216	0.0573245634725912	0.035269034447591364	0.02101060289519625	0.0122058494124205	0.006956543644052581	0.003908394671046003	0.0021726350960262434	0.001198305248994133
0.3205101453897957	0.25326987117199234	0.18998565756409572	0.13499326323548105	0.0910079225058074	0.058505682097249684	0.036118747233027194	0.021577529367759644	0.0125633890321437	0.00717282595730948	0.004035281120106984	0.0022454251157621864	0.0012393835522300377
0.31774147073009235	0.25087110730134493	0.18803822093340317	0.133518717270333	0.08996524598257219	0.05781251726554975	0.035681208908984324	0.021312469088969686	0.012407760470261311	0.007083541593739047	0.003984915800081401	0.0022173586254119653	0.0012238803067799544
0.31921828150741344	0.25198114193826593	0.18880033199489213	0.13399387261236498	0.09023447928611301	0.0579520366218507	0.03574792902368843	0.0213421565728169	0.012420101434951975	0.00708831398714333	0.003986596986566013	0.002217863917377093	0.0012239787042620097
0.3191776993772716	0.25182767565016667	0.18857883533843514	0.13375532127486714	0.09001949344743668	0.05778180239741233	0.03562572731474419	0.021260724019359776	0.01236878133801297	0.0070572825332299895	0.003968396383328179	0.0022074245678846633	0.0012180879626646165
0.3198352449640177	0.25187244215058435	0.1881865746165821	0.13314638232261605	0.08938606523562255	0.05724166769422349	0.03522081275148311	0.020983436986295914	0.012190862857239382	0.00694838008107139	0.00390397888377602	0.002170254846329282	0.0011970240564366248
0.3169553533953783	0.250454334069858	0.18791686404460195	0.13358607518570487	0.09011746767022426	0.057975728232489684	0.03581787509306751	0.021412220674510686	0.012474391047205373	0.00712542950511468	0.0040101512166254485	0.002232107800391656	0.0012323151035407136
0.3194346734700904	0.2521494003292233	0.18892113536120045	0.13407375790986253	0.0902833768728683	0.05798005736395499	0.03576319116933758	0.021350184156242197	0.012424237423432597	0.00709042522161741	0.003987673402141381	0.00221841488693391	0.0012242625888884738
0.3203442387363669	0.252342930804964	0.1885921435761052	0.1334703207571912	0.08962591216950118	0.05740737109314254	0.03532874386112536	0.021050483077742436	0.012231012140688769	0.006971767902844151	0.003917326824603026	0.0021777591580284554	0.0012011969098107258
0.3178941993018457	0.2507349293724691	0.18770776378462878	0.1331076847639622	0.08956939375921481	0.05748722873239926	0.03544229626051894	0.02115085751504293	0.012304866407184381	0.007020881696602891	0.003947979214846731	0.002196096495979081	0.0012118513020948382
0.3184927851781855	0.25112088996959636	0.18791255546997163	0.1331835117136704	0.08957131648225924	0.057458070274916236	0.03540748685292285	0.021121547756852887	0.01228376650587037	0.0070070156220229	0.003939386857270738	0.0021909797012658796	0.0012088873863474632
0.3165310176266576	0.24982588700109165	0.18719245768298126	0.13288030166600437	0.08951504523506841	0.05751391958414715	0.03549308470873837	0.021198674385570732	0.012341024310049437	0.007045289004680885	0.003963352028153161	0.00220534810283129	0.0012172484862945864
0.31926148996891573	0.2519089597248257	0.18865191545663534	0.13381582006869785	0.09006563904935388	0.05781446106241877	0.03564741044637618	0.021274395610515234	0.01237706241093288	0.0070621484173186205	0.00397119159638572	0.0022090037211944867	0.0012189692497829945
0.3180378783354769	0.2504443184311203	0.1871333820946225	0.132426653634127	0.08892779994466092	0.056966752830535754	0.03506323617497317	0.020895934860132238	0.012143234458444235	0.006922744982611793	0.0038902547754109443	0.0021629203187001718	0.0011931034917483292
0.318549973153633	0.2511031828548346	0.1878432640119072	0.1330910529042925	0.08947990124929477	0.05738199706639866	0.03535123310060777	0.021083345742370703	0.012259386386821971	0.006992146467374586	0.003930613252700976	0.0021859259631170453	0.0012060269606153716
0.3199592575485287	0.2525104179956078	0.18913749000657204	0.13418137433581453	0.09032269000482544	0.05798447576472694	0.03575425041438533	0.021338879168395816	0.01241481008854873	0.007083753171757644	0.003983356572891833	0.0022157733044898572	0.0012227046655949568
0.32007890262161276	0.2527598015242871	0.1894594428828831	0.13451258533339736	0.0906140910490699	0.058211955928529305	0.03591607331328456	0.021446066043345844	0.012482081953298644	0.007124312311614491	0.004007096397751631	0.002229369677169362	0.0012303686697832548
0.31820074371994217	0.25098496765285855	0.18789797517181545	0.13324234251848738	0.08965848651580155	0.05754284517691728	0.03547545498515373	0.02116996924306573	0.01231562630663799	0.0070268459905551695	0.003951252444192818	0.0021978816468865396	0.0012128211141935997
0.31886981764101074	0.2514936637445219	0.18825273918330834	0.13346837913003332	0.0897904991209624	0.057614210935928875	0.03551166215524122	0.02118747215832632	0.012323806351089522	0.007030590135304956	0.00395294950909493	0.0021986503844304136	0.0012131717061674761
0.3179384018664735	0.2509243392953388	0.18798519693903412	0.13340809675220208	0.0898408616396729	0.057702531908988657	0.035597013550138445	0.021254034232784828	0.012369925156536248	0.00706023616155913	0.003971068311648543	0.0022093426835586433	0.001219327126087243
0.31685588979175755	0.2499689728661724	0.18719533876843397	0.13279964348814877	0.08940380623027386	0.05740794374915058	0.03540886965153434	0.021138947038938354	0.01230182289099182	0.007020924430143596	0.003948786354808861	0.002196880375840427	0.0012124241425270834
0.3200100116617454	0.25222679497413547	0.1886394094126037	0.13360900857013505	0.08979078006514327	0.057556099864905334	0.03544361065391558	0.021130545961394135	0.01228296235289538	0.0070038030177200965	0.003936372266557954	0.002188787439411599	0.0012074621799903432
0.3221324261434384	0.2539894047614023	0.19000673665295947	0.1345971115387299	0.09045835736908117	0.057981468125892714	0.035702158160498765	0.02128218915484633	0.01236964516720303	0.0070524707278753875	0.003963362154029596	0.0022036305250592056	0.0012155787585755174
0.3207418378952164	0.2529439747811631	0.18928910467855184	0.13414975554165032	0.09020475159860454	0.05784979176216359	0.03563891053100078	0.021253812856830832	0.012357677566288885	0.007047725024758794	0.003961611183279004	0.0022030492361949233	0.0012154225596029673
0.32241622228430633	0.2543856946792254	0.19045127437140588	0.13502303703910115	0.09081757345201942	0.05825429163304864	0.03589262877452575	0.021406696303002574	0.012447052515071099	0.007098823160020515	0.003990358631043252	0.0022190362451279693	0.0012242397365213697
0.3196926606830714	0.2520092040683466	0.1885097341609244	0.1335450927709043	0.08976790569009487	0.05755400372770441	0.03544933483189165	0.021137537010453587	0.012288730672742578	0.007007863870595236	0.003938991345085504	0.0021903868321753043	0.0012084041352661463
0.317524929785969	0.2507381511124523	0.18797511373171377	0.1335037925719423	0.08997623932066882	0.0578325799516457	0.03570078165081423	0.021327804188090386	0.012418415947840293	0.007090404196029426	0.003989115611332015	0.0022198393783151795	0.0012253094221289188
0.31838212118016224	0.25069654145123854	0.18730051647990184	0.1325258109081122	0.08898012146112005	0.05699111254456426	0.03507302357982058	0.02089907575864497	0.012143764346063032	0.0069224560064765775	0.003889832955420802	0.0021625750757258847	0.0011928667453187537
0.31744582393827153	0.25050815400185883	0.1876560133496073	0.13316521866256883	0.08967328476593116	0.05759358335862545	0.03552956646761645	0.02121383750608471	0.012346637055723203	0.0070470172862367175	0.003963673393930629	0.00220524815597856	0.0012170764260125626
0.3199339511420756	0.2522227984709314	0.18868671751166818	0.13368162034354705	0.0898660452497977	0.05762016928664287	0.03549159174215238	0.021163381723446804	0.01230402140437161	0.007016688873831202	0.00394399264993814	0.0021931837414048655	0.0012099532301358595
0.3193840704208207	0.2516645830294309	0.18816713051531944	0.1332401327329239	0.08952273355997512	0.057373722329497966	0.035326256597185746	0.021058337893690215	0.012240038707675862	0.006978938919942996	0.003922241822931447	0.0021808684444940664	0.0012030691901455265
0.318175157447746	0.25085413959470815	0.18770299622322095	0.13303000386466662	0.08946615987345333	0.05739016473296232	0.035365702114481236	0.02109677392050971	0.01226947509058826	0.006998931369184456	0.003934876583634292	0.0021884876067004046	0.001207519705160057
0.31857667567823494	0.2513682002675782	0.18825608516714365	0.1335477531105775	0.08989679882621275	0.057714443872029134	0.03559087873752785	0.021243460797313967	0.012360467358219003	0.0070533377215557394	0.003966532107565751	0.0022065396651579196	0.0012176636014762203
0.31714584975791976	0.2503378605484145	0.18759116972286702	0.13316983814949407	0.08971171732670988	0.05763991603955523	0.03557005478972319	0.021244018541962697	0.012367039980306714	0.007059939059114248	0.0039714957142625166	0.0022098348789091286	0.0012197053787748105
0.3189168073917846	0.25146234295475944	0.18816844002577723	0.13336163255486952	0.08968704879521112	0.05752898675773842	0.03544900672572331	0.02114507642022878	0.01229681384862674	0.007014154104291392	0.003943262144316837	0.002193074679509242	0.0012100176106854593
0.3175021665306644	0.25038447052467167	0.18741449778652233	0.13287929615719546	0.0894037780893106	0.05737470389530312	0.03536995828112988	0.021106375761560638	0.01227843569495153	0.007005575828433817	0.003939282574046461	0.002191223436883186	0.0012091483062004315
0.3206043230258341	0.2526343663151462	0.188882389716345	0.13372888066518157	0.08983381945451274	0.05756022736399168	0.03543306698761569	0.021117590295261657	0.012272256500730258	0.006996261820052825	0.003931507240658535	0.002185816130935506	0.0012057121235370066
0.3191266229889936	0.25187940259000396	0.18869944920267448	0.13390411747354966	0.09016226991406882	0.05789887262689195	0.03571158344615497	0.02131873831769052	0.012405687825228764	0.007079744054586045	0.003981630928203101	0.002215040298124316	0.0012223954559904783
0.31758071847546937	0.2502876084102523	0.1872012462439119	0.13261978358084736	0.08915641158487086	0.05717269667669637	0.035222214825319675	0.0210067326103758	0.012215131653639778	0.006967085517062409	0.003916619304216211	0.0021781884686973307	0.0012017783058704534
0.31664250060535876	0.2500947256675915	0.18755203501919307	0.13325620290176216	0.08984888202782314	0.05777617220218983	0.03568049204443148	0.021323227553052666	0.01241939428896796	0.007092629756316339	0.003991100984497505	0.002221257635973136	0.001226223525626675
0.31652652596066055	0.2500824422189899	0.1876145102296425	0.13335672536519844	0.08995496143818442	0.05786747359649385	0.035749412191037985	0.021370676544803492	0.012449964615252405	0.007111400266031071	0.00400223033570875	0.0022276908211111843	0.001229874009286854
0.3182312700385724	0.25062654728809014	0.18729313945644901	0.13255611011028032	0.08902481092001692	0.05703443567523121	0.035107668301356	0.020923706026837147	0.012159943908866976	0.006932513975078398	0.00389584547031227	0.0021660699290293496	0.001194857561217878
0.3204286594822666	0.25279594530396354	0.18926992003502585	0.13420896055737225	0.0902946974448602	0.05793786904251733	0.03570973168987424	0.021304338727049284	0.012390946772559515	0.007068441032742739	0.003974009495257543	0.002210261983693983	0.0012195337351444166
0.31700659560232813	0.25033135358206415	0.18767949499262285	0.13330531555219335	0.0898525048036245	0.057760148047781214	0.03566038115837645	0.021306006774757264	0.012406888763257684	0.0070843678013086915	0.0039859633338646715	0.0022181907516801123	0.0012244440079308787
0.31933768262648404	0.2516721916056307	0.18821229378449533	0.13330266818159187	0.08958535877828142	0.057426144418403186	0.03536513936673831	0.021084787884490443	0.012256935385908692	0.0069892501203793036	0.003928328242574265	0.0021843751575023377	0.0012050543100509815
0.31971943044282874	0.25210064995137116	0.1886396816474343	0.13368402134634935	0.08989250472404177	0.057652309200380024	0.035519704883680295	0.02118432797613844	0.01231816977132685	0.007025642051299598	0.003949408664866254	0.0021963576496265443	0.0012117715772041343
0.3198913009784334	0.25215774699294013	0.18861099718432178	0.1336076380249192	0.08980291714224414	0.057571861066139964	0.03545769263219523	0.021141142835907283	0.012290159680315615	0.00700837282790962	0.003939142645544985	0.00219041329521435	0.0012083945673605895
0.3189593482527218	0.25159233099544526	0.1883500639633578	0.1335546158048222	0.08985965166215151	0.05766499158586282	0.03554630693391666	0.021209758945082577	0.012337506862290834	0.007038728607213388	0.003957662315394284	0.002201328645150501	0.0012146728842775587
0.32002669199828837	0.2523196665885749	0.18877879579368556	0.13376108612549126	0.08992855927192256	0.057665432816619476	0.03552215232796322	0.02118288996995047	0.012315945487969944	0.007023742227084562	0.003948064363926182	0.002195492355492501	0.0012112450283640846
0.32169649057006944	0.2536389818750272	0.18974483091626945	0.13441543905456815	0.09034080792305266	0.05790976333216193	0.035660368292783844	0.02125861029346806	0.012356621327790866	0.0070453693613892416	0.003959517999633793	0.0022015571910449982	0.0012144622691159256
0.319245087957107	0.2517897430640535	0.18846923260764492	0.1336148107044675	0.08988260420847088	0.057668698406729606	0.035542420055076775	0.021204283520545812	0.012332815507116299	0.007035369048893591	0.003955474929000066	0.0021999850766156997	0.001213878584354926
0.32053470087253444	0.252342700050897	0.18845741968164353	0.13327080470819275	0.08942173521779437	0.05723479140583736	0.03520009723689671	0.02096272945480957	0.012174863535991844	0.00693746974526299	0.003897069119717273	0.002166082952282944	0.0011945853541478878
0.31870854281129957	0.2515720861685879	0.18849501891850803	0.13378233821638041	0.09009777219064061	0.057868763285415147	0.03569947880988705	0.021314871925768	0.012405060800674068	0.007080128884226379	0.003982174046628149	0.002215482096029471	0.001222697744391264
0.3181136511365871	0.2511144993688547	0.18817097782087733	0.13357174243252953	0.08997162173686131	0.057798352218500784	0.035662307839388646	0.021296009024551112	0.012395718638178658	0.0070755548002610705	0.003979937854622584	0.0022143828106864476	0.001222152011103017
0.3182701676791336	0.2508114091803853	0.18756626773592183	0.13285221657836555	0.08929212887455398	0.05724609060614396	0.03525949179245673	0.021024788439723042	0.012223595255373323	0.0069709751358015635	0.003918391365218016	0.0021789961314607888	0.00120214924482244
0.3165542172947185	0.24972745305366903	0.18701550885666038	0.13267535135702865	0.08932366995490536	0.05735923914584898	0.03538059144271348	0.021123052552825275	0.012293075917795451	0.007016171311987976	0.003946221106000577	0.0021955003462701666	0.0012116825540146273
0.31862774713728803	0.25147242369987255	0.18838980910118652	0.13368490315418882	0.09001724693539001	0.057808364341752266	0.035657642545574596	0.021287662560481944	0.012388200590538337	0.007070055206386288	0.003976315833678199	0.0022121425690399244	0.0012208216677873545
0.3196830537258016	0.25236220172674123	0.18909188785060907	0.1342015455776647	0.09037274011505034	0.058038870585261616	0.03579999201076737	0.021372315458485336	0.012437154629112929	0.0070978009704112145	0.003991818816777401	0.0022207184574933297	0.0012255323095892127
0.31728477741961225	0.25037490074079627	0.18755297805503474	0.13309096769485193	0.08962324145131395	0.05756176582402901	0.03551026538198698	0.021202537438446026	0.012340188054351154	0.0070434015578060265	0.003961670540725969	0.0022041477338182913	0.001216475141909613
0.3172251620799993	0.2506602850016214	0.18806126890773395	0.1336787005744209	0.09017198994821599	0.0580054655803532	0.035833112762874784	0.02141966946325811	0.012477916771230684	0.007127066906851205	0.00401090575132315	0.00223245596375149	0.0012324771079483226
0.3215508191452331	0.2534518156011483	0.1895432276222474	0.13422676102127445	0.09018403584581788	0.05779187792733849	0.03557863269313389	0.021205440073814075	0.012323679080140966	0.0070256921416183785	0.003948078206051597	0.002195037497671708	0.0012108004214431284
0.3175501895401476	0.2503185129735235	0.18727312029310753	0.13270824992676988	0.08924112180356134	0.05724202936316951	0.03527298574072803	0.02104099897178672	0.012236911008550457	0.0069803316314832565	0.0039244201416640916	0.002182675756486861	0.0012043156518376024
0.3204979436725122	0.25289916634356147	0.1893890523312219	0.13432494050504848	0.09039351517684453	0.05801345107312528	0.03576276694954982	0.02133913601137746	0.012412640138679027	0.007081457750952483	0.003981602097397389	0.002214599583358373	0.0012219743072806254
0.31919588302886315	0.2521294565380453	0.18905840861233153	0.13429017621783296	0.0905101254502285	0.05817439005228101	0.0359094424190235	0.021450641882508406	0.012488846018928574	0.0071300420368191515	0.004011138775515043	0.0022319682622650525	0.0012319489353127134
0.3170301682478784	0.25016934681784786	0.18739841856257172	0.13298294722230677	0.08955274683467897	0.05751837503453823	0.035484751526643696	0.02118802230047222	0.012332111352423528	0.007038969835963984	0.003959258981851044	0.0022028415782686297	0.0012157694353938924
0.3170746407828479	0.25000001816066425	0.18709099897933312	0.13262610074887737	0.0892193729474737	0.057248951893983685	0.0352888729963639	0.02105639449420675	0.01224868071655873	0.0069883195314209	0.003929466688463168	0.0021857185392966483	0.0012060928882929357
0.319324581766143	0.2519102246796585	0.1886092237858219	0.13375156122904316	0.08999934980751274	0.05775810668090924	0.03560521237219709	0.021245508820674695	0.012358528360315356	0.007050803031414504	0.003964479891751115	0.0022051305651626936	0.0012167741463040655
0.31966382495866813	0.25224627706777136	0.18891643263048358	0.134009216543105	0.09019786000661824	0.05789967647755156	0.03569974860368489	0.021305373571140346	0.012394906188656405	0.007072229469423287	0.003976810138759517	0.0022121056443161636	0.0012206705266281067
0.3199153455047862	0.2522373281009822	0.18872354639770228	0.13372773103373364	0.08991050600644063	0.05765668587003367	0.03551838267949358	0.02118148275444771	0.01231553328178526	0.007023692853953818	0.003948118275487283	0.0021955572360129135	0.0012112954338345946
0.31703432065961135	0.2502662402985026	0.18755351791435354	0.13315633193934212	0.08971199432880812	0.05764591198870916	0.03557698532160611	0.021249799774463615	0.012371185680256878	0.007062658318804452	0.003973179065152119	0.0022108367574513914	0.0012202855253942977
0.3189214295368191	0.2513793963741353	0.18803012992807988	0.1332052509242177	0.08954285932354872	0.05741339020950181	0.035365421199600906	0.02108912528475987	0.012261449726180531	0.006992729083506921	0.003930679208620427	0.0021858507775115933	0.0012059386201190994
0.32018730559068087	0.25205590538866757	0.1882364303589435	0.1331122439869173	0.08931537413006635	0.05716747823882473	0.035159432034294745	0.02093900385463695	0.01216136082296443	0.006929915599884571	0.0038928915519049036	0.0021637905208807245	0.0011933338958858503
0.31740156592535546	0.2501055812830875	0.1870316862809014	0.13247560071389866	0.089044202964069	0.05709208367188816	0.035168092953955815	0.020972323813217373	0.012194161129569362	0.006954707075590834	0.003909484426432302	0.002174147540746303	0.0011995189964308017
0.32045377821456333	0.2527648691092846	0.18920145330102145	0.13412557333699016	0.09021516787915518	0.05787290214769479	0.035662210570645114	0.021272288967656063	0.012370586727400665	0.007056062839024365	0.0039667218727902	0.0022060708185603745	0.0012171642181957253
0.31733099314329616	0.2505494382571551	0.18780491252038797	0.13336244375822937	0.08986809186779077	0.057755822905851	0.03564969352436121	0.021295525356879858	0.012398831485622392	0.00707888142210577	0.003982489642993777	0.0022160931664255154	0.0012232175436726273
0.3193276523138997	0.25154573858761814	0.18801370328691	0.1330826580374867	0.08938460631678273	0.057266225249222355	0.03524999773151635	0.021007943429698486	0.012208469303876035	0.006959932792338678	0.003911129520275443	0.0021745094292782157	0.0011994869542321838
0.3215398272466599	0.2536104144668458	0.1898093161868303	0.1345281673461828	0.09046210476024155	0.05801480840157341	0.03573978779082441	0.021313276383474727	0.01239181202294754	0.007066955891718133	0.003972305524954724	0.0022089432626738754	0.0012186509137322662
0.3190465843409176	0.2515891250195718	0.18828303385039522	0.13345686809897514	0.08975989216119569	0.05758064152507331	0.035483349527357134	0.02116675151013161	0.012309952058532653	0.007021877967661293	0.003947700792732453	0.0021955829804271095	0.0012114177156020295
0.3216314931253787	0.2538615009500968	0.1901536660059012	0.13489140594170332	0.09078575998865619	0.05826924566504846	0.035921526687734254	0.021433950877927363	0.01246766428744138	0.007112732706369888	0.003999116365070419	0.0022243050214288285	0.0012273125518411972
0.31774663983815055	0.25069687297936377	0.18775033368646107	0.1331935736665964	0.08966517382848359	0.057571567449540596	0.035506687392138865	0.021195465165387454	0.012333710709248474	0.007038631839026322	0.003958518474621573	0.0022021942490194828	0.0012153136131117898
0.31788954331328967	0.2509383344712408	0.18804272295599628	0.1334854435227253	0.08991767856798982	0.057766675013904346	0.035644574882284785	0.021286403370849957	0.012390617865768696	0.007072872868746437	0.003978532025199132	0.0022136450956574006	0.0012217636484720558
0.3193215207720519	0.2520369219079903	0.18881800174101504	0.13398703522401473	0.09021641353388779	0.05793221365595804	0.03573119477755861	0.02132989861630027	0.012411899298857103	0.007083153035854027	0.003983486287771419	0.0022160453541849	0.001222938546969186
0.31848636616195897	0.2513522425168611	0.1882941522897419	0.13361388393142654	0.08996795430112803	0.057776142676572266	0.035637599445244465	0.021275668764783047	0.012381228618582426	0.007066087065916815	0.003974091251142213	0.0022109087996924908	0.001220142628813063
0.3192163681005013	0.2516801363574064	0.18831104269271617	0.13344461563405755	0.08972942325397146	0.057547564286646966	0.03545556860775147	0.02114646600764214	0.012296407602702928	0.007013368447793561	0.003942577379744872	0.0021925901209829024	0.0012097068855733732
0.31801814959264074	0.25066315444802645	0.1875031608791362	0.1328461284942877	0.08931495728679478	0.057277202502926186	0.03528770028595973	0.02104616520904251	0.012238172940221965	0.006980254647688408	0.00392402654633617	0.002182307159969577	0.0012040496150930154
0.31762233569045567	0.2503410989366682	0.18725887144245162	0.132673735019704	0.08920127014832017	0.057206458148896015	0.03524564581062395	0.021021988976009022	0.012224591737025368	0.0069727401944769465	0.003919908631714387	0.002180063933671902	0.0012028320399984883
0.31760844187037385	0.25063268961193896	0.18774371476326848	0.13322181924645496	0.08970689453311075	0.057612140825603786	0.035539234793963065	0.0212186672336977	0.012348985886754475	0.007048144170367812	0.003964212445894127	0.0022055073092285887	0.00121720231111827
0.32037198628322944	0.25255997362383864	0.18892564871783712	0.13383705540352497	0.08995931778187409	0.057672385870236674	0.03551928357138946	0.02117752223978472	0.012311079588636831	0.0070201760660422025	0.003945714246474701	0.002194038533886264	0.0012103816788239733
0.31754240443660825	0.25051905866016805	0.18760529139937693	0.13308326355790176	0.08958685514342515	0.05751931363195511	0.035473600535283915	0.0211753681840238	0.012321885214018682	0.007031835666865806	0.003954679469246331	0.0022000526458694604	0.0012141296765965138
0.3195257224570364	0.25189108464553767	0.18843556377895943	0.13350479169124177	0.08974974422422895	0.05754800492422433	0.03544881548457434	0.021138856590846255	0.012290277317953305	0.007009099979381227	0.003939841048561385	0.0021909252790158276	0.0012087287160172948
0.320656620397827	0.2530596704111672	0.1895381607010098	0.13445153889449862	0.09049195664516858	0.05808414039846019	0.03581021235855339	0.021369293689393654	0.012431016611689952	0.007092303391606533	0.0039878527086713335	0.0022181393397103294	0.0012239532488960666
0.3198455332979138	0.2519027896950292	0.18822863676196028	0.13319084732323674	0.0894256684663852	0.05727276211389794	0.035242991389564	0.02099814462044943	0.01220009775502064	0.0069539486510674245	0.003907238217389613	0.0021721214357804763	0.001198076141891396
0.31851526824810716	0.2513073928946493	0.18820050634646956	0.13350113854470522	0.0898608789967551	0.05768882097968203	0.03557376378135677	0.021232619893969535	0.012353878123510754	0.007049455901754651	0.003964297879624723	0.002205275627472445	0.0012169574226087918
0.31652035649701343	0.24969002269884172	0.18697850231204968	0.13264249505658335	0.08929727404383131	0.057339823069499925	0.035367325076687106	0.021114507480678897	0.012287817441770113	0.007013045026411924	0.003944409564984428	0.002194470343508367	0.0012111050137994996
0.31873324123164026	0.25105619108990157	0.1876373573512248	0.13281323065511	0.08920426515768472	0.05715232752424864	0.0351813241595952	0.02096794860079311	0.012185743726848094	0.006947236250136158	0.0039041160830385496	0.0021706643440476047	0.001197389406080082
0.3215665737577551	0.2534945122744699	0.18960158263865676	0.13428815697697483	0.09023861586533943	0.05783469885087252	0.035609166585468574	0.021225686421464086	0.012336391381485347	0.007033357539846037	0.00395256485033046	0.0021976069679993456	0.0012122486840405369
0.3190815545227765	0.25171622071384414	0.18846533852651487	0.13365259968227317	0.08993590890885803	0.057719788567755254	0.035583106419478004	0.02123316056841848	0.01235177189627689	0.007047150224675035	0.003962517038551621	0.0022040783996255062	0.0012162103785586637
0.31762956984992285	0.2506020692135468	0.18767880284769736	0.1331433907017445	0.08963229022763701	0.05755124116732851	0.035494685129326596	0.021188609551766158	0.012329882088319455	0.00703652434982525	0.003957368577655825	0.0022015700657525786	0.0012149757780397757
0.31867175742049425	0.25155937155656105	0.18850040544291427	0.1337979177756525	0.0901163186988807	0.05788554201888508	0.03571247550581254	0.021323954379605492	0.012410966884183082	0.007083777153699671	0.003984345906592482	0.002216740994381654	0.0012234134849992335
0.31931100447963845	0.2518351842115529	0.18849656133583512	0.133628515927318	0.08988773426664658	0.057669423185602836	0.035541430438548786	0.021202958967703578	0.012331694864608335	0.007034570986825851	0.003954956886690075	0.0021996674611360198	0.001213691037178471
0.3195407286895602	0.25185773330513495	0.18837066150575865	0.13342813348513805	0.08967765153929401	0.057489583821875946	0.03540629979356694	0.021110280697895025	0.012272167080389024	0.0069981079672876475	0.003933377236294965	0.00218721107092899	0.0012066301483997447
0.3182456935724096	0.250870477096304	0.18767969213644162	0.13298572076659004	0.08941749999933556	0.05734761889512805	0.03533335706518701	0.021074430095153467	0.012255055751717207	0.006990070628822025	0.003929620866274094	0.002185449051457762	0.0012057953507805847
0.31674258595863464	0.25004127935297543	0.18739364537938566	0.13305193238322705	0.08964907130530335	0.057610522726161455	0.035558131596189306	0.021240130567161675	0.012366339952042964	0.007060255460245717	0.003971988894458472	0.002210244107168551	0.0012199877232996108
0.3184174989224336	0.25099931929900027	0.18776789954093548	0.1330405392435307	0.08944845773182034	0.057363609143288266	0.035340980092592435	0.02107781182151199	0.012256457119302648	0.006990610510222498	0.0039298099837282155	0.0021855052450476882	0.001205805817265829
0.3161253994182122	0.24928288779600213	0.1865949136351094	0.13231332360019793	0.08903920227979695	0.057153315569592696	0.03524151716663455	0.021034228807905994	0.012238752981214247	0.006984021121973359	0.003927653275239957	0.0021849687450072428	0.0012057878362892816
0.3209305482287698	0.25340748088251824	0.1899110462534663	0.1348000334685934	0.09078159831517969	0.05830216317620262	0.035961571622418566	0.021467877870881176	0.012492161988370202	0.007128859554064287	0.004009120385784189	0.0022302666394327197	0.0012307674605940443
0.3203909385954981	0.25278300289624445	0.18927558349884702	0.13422506123633815	0.09031379186453738	0.05795510182512213	0.03572305502126426	0.021313635399540776	0.012396984908846102	0.007072167379949937	0.003976226238484745	0.002211546195563075	0.0012202635671895619
0.31684366990091445	0.2496298176658237	0.1866518353756765	0.13219275317475876	0.08884733737692646	0.056963059738363526	0.03508764268425527	0.020924079611663867	0.012166065341619911	0.006938691692705821	0.0039004948791028717	0.0021691569681433595	0.0011967701950427185
0.3167660667644035	0.24942908205395098	0.18638030042477605	0.13190839611572217	0.08859516255888931	0.05676546085802344	0.034946820913813924	0.020830719485538083	0.012107444446586709	0.006903339662301324	0.0038797999610719145	0.0021573034885437586	0.0011900882653176142
0.3180070419327186	0.25125751584867795	0.18848035904762417	0.1339477856575653	0.09033058975857623	0.05809212055165094	0.0358776197047963	0.021441493073615325	0.012488286849334448	0.0071319060569337706	0.004013148365794935	0.0022334974492764117	0.0012329651206690504
0.31984914715091944	0.25204371873955117	0.18845524561379548	0.13344381035248976	0.08965727814543263	0.05745758268757609	0.03537618652916761	0.021087084116076134	0.012256208910055605	0.006987896426016568	0.003927155430141406	0.0021835473137742506	0.0012045241741596604
0.31702181946300784	0.24994164452079157	0.1870333261916529	0.1325749458786093	0.08917832216410117	0.05721878973690294	0.03526828514203996	0.021043145065175885	0.012240533049704466	0.00698347826675016	0.003926662606837542	0.0021841247232337827	0.001205199429102087
0.31727633546610057	0.25042403177911765	0.18763910177621748	0.13319000956283858	0.08971542399846848	0.0576361393775104	0.03556429413637139	0.02123883037448587	0.012363187823986176	0.007057363482053282	0.003969882604605274	0.002208867534596605	0.0012191423803773272
0.3175040881457216	0.2505274056235091	0.18764607083542978	0.13313899099631255	0.08964250677347325	0.05756589895159758	0.03550818686148676	0.02119892336890096	0.012336949614040717	0.007041037597908101	0.003960115365665948	0.0022031864768585385	0.0012159045456449607
0.3198501469669424	0.25227837359457805	0.18883659529751115	0.13387143281205005	0.09004995958901098	0.05777163144046433	0.035602903833666814	0.02123867488660612	0.012351944501237538	0.007045862438130238	0.003961184034251139	0.0022030769421699354	0.001215548996940327
0.317706915339621	0.25090791602960344	0.1881228850807622	0.13362299378699477	0.09006533862687359	0.05789466800896446	0.03574152325583023	0.02135326746965068	0.012433738494084193	0.0070993637509283326	0.003994243845344759	0.0022227288213319467	0.0012269187628954382
0.31862183821510814	0.25095599504129246	0.1875530909485529	0.13274734950225267	0.08915635292910867	0.05711970594069763	0.03516032118612312	0.02095501929924503	0.012178054991394542	0.006942781055004345	0.003901583539704115	0.002169244782245878	0.0011966018015867812
0.31683972700272434	0.24982548103903893	0.18697301770515862	0.1325540769107224	0.08917973462512474	0.05722924763065112	0.035280017468980004	0.021052825181482403	0.012247434533911954	0.006987989066548661	0.003929448481945271	0.0021857801339763326	0.001206156931779606
0.3192811222619674	0.2521674676476378	0.18905982098258875	0.13426963827065908	0.09048142363217951	0.05814691387944568	0.035887551626418566	0.021435091898683444	0.012478629551725476	0.007123687968180172	0.004007338429742745	0.0022297582393869804	0.0012306895344210054
0.31590701339065747	0.24904454580985755	0.18636132869408356	0.13210724050102882	0.08887441115637891	0.05703252151000102	0.03515919708718941	0.020981307767874015	0.012206233063904955	0.0069647077380505795	0.003916470760720141	0.00217861425093812	0.0012022262605413268
0.32342705752112033	0.25442830444163717	0.18980617357102683	0.13404134943099133	0.0898040876202461	0.05739410740278387	0.035249994131836666	0.020967778283343654	0.012166001151092376	0.006927064822425427	0.003888882863146133	0.0021605365346734702	0.0011911107789324862
0.3217610448142985	0.2534764055610612	0.18943460187280445	0.13405108355967424	0.08999921825786616	0.057633565176230236	0.035459713647307475	0.021123930633430082	0.012271359642561578	0.006993663615405479	0.003929132429219948	0.002184105806153207	0.001204605724004286
0.3218239261901287	0.25342876903966954	0.18931277003576638	0.1338985759866682	0.08985240363715657	0.05751322179764404	0.035371593842739545	0.02106449618378987	0.012233614992152194	0.006970725736477976	0.0039156332369515495	0.0021763449891334086	0.0012002192885153034
0.3171858359242398	0.2503679044567443	0.18761179239962067	0.133182695495995	0.08971900374761398	0.05764369317260436	0.0355718619375052	0.021244823166074397	0.012367374759305619	0.007060068695726776	0.0039715414871973505	0.002209848705618247	0.0012197081242125648
0.31927099326023173	0.2518499938001066	0.18854905227638333	0.13369778502652904	0.08995596905855971	0.0577261165001605	0.03558332156871989	0.021231396147528423	0.012349839241298323	0.0070456356256176035	0.003961485104428218	0.002203427625935553	0.0012158192235104577
