r0	r1	r2	r3	r4	r5	r6	r7	r8	r9	r10	r11	r12
0.47772819598747185	0.4119482649984067	0.3409803911105705	0.2688765593846131	0.20088082076859948	0.1419292075964753	0.09504856722530977	0.06068176419932045	0.03721760210374104	0.022105904067378893	0.01280888575816325	0.007284478590436154	0.004085536550205209
0.47718653327989397	0.41149899294774805	0.34064036308678647	0.268648827696649	0.20075158931578432	0.14187223280825034	0.09503485088836539	0.06068812154132929	0.03722983458112797	0.0221173710618245	0.012817510688469824	0.007290272607337944	0.004089171344534351
0.47615788666919345	0.4107216306619934	0.34014082214920804	0.26841323486727947	0.20072323185084306	0.14196963241028723	0.09518058525528098	0.060829591760892664	0.037342748909492435	0.022197408903598198	0.01286992565009227	0.007322765369719938	0.004108549414861246
0.4773340609289569	0.41194939702595906	0.3413662330708786	0.2695645496624754	0.20172853966891746	0.14277993183491486	0.09578390016136436	0.061247580271431956	0.037615259683325866	0.022366662119612246	0.012971208924420163	0.007381713539020391	0.0041421636069586465
0.4812226228507505	0.41503618555359395	0.343538697972607	0.27083574394733634	0.20225343006103197	0.14280592928704638	0.09556147383113024	0.06095979449424024	0.03735943929679424	0.022175142551889154	0.012841734341814199	0.007299829519469946	0.004092681182208238
0.4761314795300082	0.41074558879106166	0.34021274990174477	0.26852143126339445	0.20084854653927764	0.1420915753770381	0.09528414769979437	0.060908419571463236	0.037397762430930584	0.022233314973750362	0.01289220611201794	0.007336082230144505	0.004116292669289499
0.47798174682593847	0.4122903930718797	0.34139391063828955	0.26932579051859873	0.2013189067050105	0.14231318400535137	0.09535312379337826	0.06090302420784579	0.03736706265782028	0.0222012166133472	0.01286705156028695	0.007318827255351374	0.00410533485009894
0.47994983785913553	0.4144397730190189	0.3436277935431529	0.2714995406291066	0.2032737105138615	0.14392706875948977	0.09657788977487176	0.06176425707089064	0.03793497388207526	0.022556992183988794	0.013081334815608027	0.00744414715947715	0.004177053671047904
0.47629985446089584	0.4102368155571703	0.3390686347152309	0.2669105246574573	0.19903746674067968	0.14035925897327442	0.09382942892675283	0.059809830437586455	0.03663539816140339	0.021737787697348306	0.012585647704714905	0.007153258624284941	0.004010159121366783
0.4804975739042134	0.41459323971009143	0.34338987334927956	0.2709442179422237	0.20253640026905675	0.14316130738226074	0.09590324012160563	0.06123904053177247	0.037563060678385565	0.022311888511985165	0.012928233276089825	0.0073522180236837605	0.004123427086862195
0.4820802385960522	0.41562373774883593	0.3438376370281192	0.27087338694485197	0.20210222172229833	0.14255991519965824	0.09530330464076986	0.06073980658064306	0.0371952019022777	0.022063243308672407	0.012770289418299106	0.007256287279318761	0.004067016889977
0.48163215469921555	0.4156858429576691	0.3443943068796486	0.27181452679498913	0.20324012971302025	0.14369003539034578	0.09627324967818507	0.061482195018213545	0.03771480622666804	0.022402872536652088	0.012981186233151821	0.007382379732042932	0.004140344704025134
0.47809873069058295	0.4123757245586491	0.34144475704596144	0.2693445141480302	0.20131321166687274	0.14229365233072108	0.09532949237714618	0.06088162971786442	0.03735055319178197	0.022189737311149225	0.012859623845453147	0.00731425901098022	0.004102625085683381
0.4757184815310922	0.41067266747588493	0.3404741311373209	0.26905026178238556	0.20152603316613676	0.14278466210062715	0.09589023344185992	0.061378440603736255	0.03772992502384216	0.022451999051440553	0.013028736987260326	0.007418042849687624	0.004164099680334595
0.47860765781162073	0.4127304407781436	0.34163409363034175	0.26938307242808046	0.20124123893015972	0.14216412869410028	0.09518961844912306	0.060760758364736905	0.03725954655136166	0.0221273818739137	0.01281965469680997	0.007289831306566024	0.004088197904214364
0.47558820836487187	0.4101738855140979	0.33963790897790447	0.26797781505391394	0.20037122018953574	0.14170505634187944	0.09499527720430292	0.06070768152055361	0.03726657911209009	0.022151688082997723	0.012843290118404621	0.00730758165541795	0.004100027395031033
0.482280922063688	0.4162619789815262	0.3448746265917172	0.27218526156886713	0.2035024140855501	0.14385959431604328	0.09637392932278076	0.06153777373268748	0.03774379659840046	0.0224174071768611	0.012988301490734133	0.007385825769134808	0.004142012668869139
0.4803768118103008	0.41486107368342556	0.34402554738527324	0.2718539944403418	0.20356856830187106	0.1441547521260855	0.09674129721558668	0.06187405906141093	0.03800480507915754	0.022599516587859837	0.013106393254394364	0.007458559766047297	0.004185198480121001
0.48404102453344133	0.4177919746929453	0.3461135305450439	0.273104088448418	0.20411771434354978	0.14422822998509496	0.09657070431507363	0.06163108939656799	0.03778268236818094	0.0224310561546997	0.012991686833165064	0.007385697415254627	0.004141043283776163
0.47821928769783234	0.41284217070662377	0.3422282273902305	0.2703499115754491	0.20239574671070124	0.14330514101195913	0.09616728511220611	0.061508945874938235	0.037783480142378124	0.022470093761999158	0.013032623792602225	0.007417246079348892	0.004162334630523184
0.48116931757850717	0.41531206526164616	0.34412359550054655	0.2716470930136988	0.20316009766682766	0.14367050447850646	0.09628612614187576	0.061506285894662276	0.037738252600159776	0.02242113811880846	0.012993803271512299	0.007390463383057299	0.004145270515718584
0.47506636916440526	0.4096884734265046	0.3392087299604409	0.26762138490928455	0.20009552905278907	0.1415069657791833	0.09486249159686916	0.06062382904622307	0.03721607352647412	0.022122315378280136	0.012826623885772633	0.007298282184153497	0.004094895849909563
0.4793997962002095	0.4131712815088952	0.34171425586414506	0.26915461862571777	0.20081221869687177	0.14166364706521148	0.09472350759570164	0.06038651931850947	0.036989547691196716	0.021947303606181613	0.012706271766216108	0.007221378860085716	0.0040481139237671755
0.47867606237860294	0.41318025494726385	0.3424360703392368	0.27043524211427156	0.20238651109684536	0.14324066307888106	0.09608439826469874	0.06143214697352702	0.037723485604628064	0.022428065519914227	0.013005295834443303	0.007400382497728476	0.0041523082876108
0.47839789169796315	0.4125134453866941	0.34141947006221446	0.26918321600345024	0.2010682129138313	0.1420257680818426	0.09508732838883392	0.060690319281612566	0.03721385331025718	0.022099116195477855	0.012802793175000382	0.007280041284780092	0.004082625478288088
0.480345551433752	0.4145239386816471	0.3434042306757338	0.27102847662405355	0.20266370503995482	0.14330032570338488	0.0960288708316799	0.06133828431361208	0.03763397525755999	0.022358899222759385	0.01295771433724192	0.0073699680733641335	0.004133801325296675
0.4792313280640696	0.4138613801436431	0.34321097277000606	0.27124420220059675	0.2031546903618039	0.14390202180135725	0.09660265174729182	0.06180555423196414	0.037974277688879975	0.022587352866544994	0.013102222707680737	0.007457501428920327	0.004185181239318523
0.4789343057578432	0.4130043230507679	0.3418447741276917	0.2695279155710665	0.20132739446542075	0.14220624181161057	0.09520435620364123	0.060761794271781376	0.03725554800110736	0.022122664482000797	0.01281581493551702	0.00728715033645751	0.004086478574336088
0.4752486276878418	0.4098474256608691	0.339338213442861	0.26771837640643803	0.2001615039940805	0.14154744480937578	0.09488489217962733	0.06063506275836926	0.037221206396655014	0.022124452572719683	0.012827423111139429	0.007298536333438879	0.004094950481366001
0.4833705632683543	0.41715083705426176	0.34552889325444625	0.2726020835157071	0.20371570401414943	0.1439291545937838	0.09636339765804876	0.06149604981118996	0.037699058268577355	0.022381244019697762	0.012962851162269251	0.007369342937668326	0.004131900750599653
0.4745938392996455	0.4092998214148203	0.3389182405085243	0.26743081026781584	0.19999160482255104	0.14146559348479978	0.09485752959626481	0.06063471063327543	0.03723049257323065	0.022134785764170467	0.012835691832888416	0.007304266413499227	0.004098610717567328
0.4798098609856159	0.4141780013824857	0.3432583068601202	0.2710604729159088	0.20282027528657404	0.14351391087091814	0.09624115774357082	0.061514830942564803	0.037764117216602916	0.02244692817799905	0.013013672279073227	0.007403976753426081	0.0041538096727651965
0.47633404165226007	0.41086194698387357	0.34024025668557345	0.2684722939259833	0.20074870956307395	0.14197245783564263	0.09517189224801076	0.06081758787687983	0.037331864678754774	0.022189182073019363	0.012864332981803481	0.007319215807951764	0.004106399295950582
0.47764889968834706	0.41200396603894973	0.34116500361021795	0.2691589910499278	0.20120994054659166	0.1422502591285597	0.09532144958866351	0.06088948025728395	0.03736252285091613	0.02220045213314966	0.012867531238986391	0.007319518255832616	0.004105904955097551
0.4787400502991264	0.41297159403387557	0.3419706669602255	0.2697801957669129	0.20164912743505523	0.14253410611076123	0.09549001326036516	0.06098257537832682	0.03741111454875496	0.022224833448546623	0.012879476997790438	0.007325308795568354	0.004108710087052251
0.4759226286698718	0.4101839682277396	0.33933255692963266	0.2674247997162264	0.19968699935214063	0.14101745680622957	0.09440068325914806	0.06025011892756515	0.036945009136076505	0.021940831795252743	0.012712035108041683	0.007228958555587417	0.004054239715297881
0.4770003556329395	0.41133586566725466	0.3405066863933093	0.26854791073495843	0.2006822145081398	0.14182903430152347	0.0950104335770432	0.060675489974835406	0.03722378675194413	0.022114662222903085	0.012816367153683226	0.007289816825365865	0.004089001114611059
0.4780970083583466	0.4123385123265372	0.3413746178768681	0.26925074407515287	0.20121023800421228	0.14219639929433073	0.09524843842039858	0.06082071171432196	0.03730841440065748	0.022162408198026565	0.012842743168943434	0.00730420316968063	0.0040967922143606604
0.48090274948657086	0.4150110210323742	0.34380189829364133	0.2713269555425751	0.20286708964282718	0.1434253111057825	0.09609815626325677	0.06137311423759776	0.03764995221420026	0.022365597840108012	0.012960252699566022	0.0073707995441105265	0.0041339993864422005
0.4757590118699068	0.4103646728569454	0.3398399419074612	0.26817742702340497	0.20055293506653893	0.1418565472254005	0.09511113183306474	0.06078964423168235	0.03732088378835224	0.02218583335932574	0.012863913963381038	0.007319669117735511	0.004106956117993244
0.475058777463871	0.40981882834148875	0.33946760976060875	0.26797349973735485	0.2004856644033829	0.1418775792873766	0.09517271711993683	0.06085778667491132	0.037378352554294475	0.02222778972370389	0.012891883532722703	0.007337207918798169	0.004117496896449503
0.4774640396131622	0.41144583744268715	0.34026833631218867	0.26803045788765534	0.20000873218816675	0.14113680275267285	0.09440466656647235	0.06020612657898887	0.03689255180505234	0.021896900319645723	0.01268058312709176	0.007208388557331451	0.004041543095611514
0.4761673328206891	0.41074652760167457	0.34017968061945375	0.26846159041276346	0.20077444571101843	0.14201701243123124	0.09521958116769484	0.0608586692840911	0.03736276001365502	0.022210343173119637	0.012877896602526922	0.007327506182589692	0.004111296278654126
0.47463419406797674	0.40908583124786996	0.33846652689304796	0.26680552667164126	0.1992935682089581	0.14080005144569296	0.09429939728414538	0.0602133948475593	0.03693811546112916	0.021944705409861043	0.01271806839438038	0.007234101646896856	0.004057869821746485
0.47939595020676323	0.4132572731498029	0.34188378647336204	0.26938430732241897	0.20106572120500635	0.14190344248389006	0.0949233484906418	0.0605365964156554	0.03709325524528675	0.022014496586352954	0.012747739987504376	0.0072460642866098495	0.0040624248204337125
0.47829754338461633	0.4124557962013499	0.34140584482880443	0.2692075223688145	0.20111752816686126	0.1420844970131882	0.09514256036374699	0.060734920294011466	0.0372461522750373	0.022120714122576345	0.012816416840736642	0.007288277091263694	0.004087452739526313
0.48263595202348325	0.41618995959157706	0.34438927417078763	0.2713795916177387	0.20253444689163985	0.14290119810077706	0.09555280831871421	0.06090998744449069	0.03730472982808604	0.022130569478022853	0.012810253071404406	0.007279402080707618	0.004080135460072972
0.4745231746765514	0.40936234465590143	0.33910756024147737	0.2677160280875669	0.2003222057482095	0.14178751226101421	0.09513110630651722	0.060843082634764845	0.037376002350605696	0.022229806983063847	0.012894680520538708	0.007339536028988573	0.004119124388564942
0.48141054374453235	0.41572695148284444	0.3446902860379404	0.2723090297850604	0.20383658793325696	0.1442826078894667	0.09678252501492556	0.06187263387469987	0.03798851156081279	0.022582019401000727	0.013092552873910462	0.007449021954463287	0.004179125370883619
0.47739529741443365	0.4117259565343458	0.34087523173022005	0.2688764455511164	0.2009555172661769	0.14204003935634846	0.09516184128520755	0.06077721567973942	0.037288480229544264	0.022154060776563834	0.012839586632536575	0.007303173787701991	0.004096550511434479
0.4737537477303085	0.40843291357307016	0.3380624623478174	0.26663486834786587	0.19930277730129506	0.14091456635451496	0.09444978147248743	0.0603535885180799	0.03704790017220955	0.02202170185354251	0.012768164795539582	0.007265026838394148	0.004076261125119732
0.4822651146291349	0.4160675292882233	0.34451428802951733	0.2717060315391069	0.20297746062690344	0.1433646307568881	0.09596198906178353	0.06122856832703711	0.03753015993516265	0.022278994726965096	0.01290288011672474	0.007334975580818521	0.0041125333448856286
0.47885395597474484	0.4131044034581552	0.3421161542562003	0.2699277737692738	0.20178619217152882	0.1426500932930203	0.09557969241436097	0.06104652471100971	0.0374537266035789	0.022251736672037198	0.012895774588709802	0.007334881030753382	0.004114205513587573
0.48149617883675455	0.41546410656636223	0.3440984847627806	0.27147357792899135	0.20289473394829816	0.14337947891562108	0.09602258935626763	0.06129787513834636	0.03758924268850569	0.022322322302579276	0.0129318220916003	0.007353141143082037	0.004123455513089998
0.48504095500979083	0.4186471671991674	0.346790069156144	0.2735890295947862	0.2044262165063398	0.1443986921812026	0.09664996058983431	0.06165965578637769	0.037787885389529735	0.022427877271929464	0.012986869709085391	0.007381616158043806	0.004138170934454534
0.48032468650643545	0.41444606916651955	0.34327413552969976	0.2708619171043217	0.2024846580916691	0.14313327598992978	0.095890704415898	0.06123496773497373	0.037562759225552675	0.022312827819330586	0.012929308606391632	0.007353069228195676	0.004124008751151371
0.47904889708944953	0.41340845169189566	0.3425134300032265	0.27038038352079585	0.20224156342510072	0.14305784685356548	0.09590800930754684	0.061287621295011904	0.03761784992475485	0.022356986075203936	0.012960265168984601	0.007373076939290053	0.004136268580913466
0.4813792253994022	0.4147908607779302	0.3429131597032507	0.26992753047294793	0.20121936978435967	0.1418111127513162	0.09472404096660826	0.060326932724788694	0.03692033469530516	0.021889877063480053	0.01266536211476726	0.007194706316909685	0.0040316848091860044
0.478912495428418	0.4130204123047609	0.34189704004928917	0.2696075869210692	0.20142006635246704	0.1422965176032467	0.09528099579619877	0.06082007019860901	0.03729616946255393	0.022149146505434404	0.01283223108678259	0.0072969540849022	0.004092175390729931
0.47647242829233083	0.41100039990608717	0.3403728294688009	0.2685920818344493	0.20084967022324673	0.1420513562044445	0.09522912081200151	0.06085639519861191	0.037356734434100446	0.022204421582201345	0.01287335809310235	0.00732442702805516	0.004109353151995741
0.4761945654241411	0.41073737201385	0.34013552364884153	0.2683904881920767	0.20068988456260256	0.1419336041304588	0.09514818380173728	0.06080405467187106	0.037324520570929665	0.02218533001737771	0.012862351633627289	0.007318205037885496	0.004105883846371441
0.47364658258903886	0.40854299969454144	0.338378810201834	0.26710650973326167	0.19984695148614	0.14144305706503693	0.09489815484880372	0.060694710873113004	0.037285928232376656	0.022177057118919558	0.012864573114539918	0.0073226550860978155	0.004109773116280547
0.48065060867602544	0.4152994957102932	0.3446063224889632	0.27252175263274714	0.20424513351664644	0.14476404702271314	0.09723420860175835	0.062237404335728476	0.03825288859489116	0.02275897323267055	0.013204267224656258	0.007516601795089888	0.004218756789902531
0.481665580016939	0.4157053776175044	0.3443994388684123	0.27180716376939124	0.20322444034870069	0.14367111054225445	0.09625534234394731	0.06146768302717592	0.03770427368245516	0.02239581949081933	0.012976733108450794	0.007379686047030449	0.004138765191655993
0.47781924871430104	0.4124458538404542	0.3418524618285304	0.2700135847231675	0.20211475203536874	0.1430872595202101	0.09601031200738634	0.06140310754464575	0.03771597288400253	0.02242888480873458	0.013008292973240453	0.007403230355933939	0.004154404624468681
0.47733188136064775	0.41132599070533055	0.34016565947595423	0.267948362472093	0.199947977383978	0.14109525014486968	0.0943782413035015	0.060190310792203175	0.03688350990455051	0.02189189089048997	0.012677861260363401	0.007206925359436596	0.004040760363136766
0.4812363014778737	0.41494583313715866	0.34335099861970664	0.27057716116007896	0.20196565401917374	0.1425323604061083	0.09533275547455955	0.0607876631794577	0.037240319511712486	0.022097887934878113	0.012794024519376754	0.007271415422368943	0.004076203374475633
0.47874671557453047	0.4129850660783218	0.3419901852895358	0.26980366390067206	0.20167350221944172	0.14255637571010735	0.09550818403318473	0.06099603976051302	0.03742033774421531	0.022230774247924485	0.012883128628635313	0.007327476448870519	0.004109964238872836
0.4797331672278549	0.4133570567699553	0.3417485596845348	0.26905948382896033	0.20063317417987167	0.1414549023728382	0.09452932021910225	0.060230797993188756	0.03687732717113161	0.021872528177174947	0.012659226732687963	0.007192993316980629	0.004031499604918784
0.47688891362824914	0.4117346647362874	0.34138530900076774	0.2697804998351091	0.20206804285360885	0.14315650578522576	0.09612733511662275	0.06152060821974106	0.037811271953475833	0.022497066054407256	0.013053207675405078	0.007431183859928283	0.004171121081412936
0.47868023837293355	0.4128662885807535	0.3418256234413789	0.2696102040135273	0.20147519743529904	0.14237671070288827	0.09536240829542142	0.060888439881214625	0.03734683263614741	0.022183520973098635	0.012854124303360496	0.007310276646725502	0.0041000202088148285
0.4816831863005395	0.4160672571339891	0.34508219439580584	0.2727217289856321	0.20423090173322353	0.14462354884708348	0.09705047318551537	0.062066067351114855	0.038118591462190786	0.022664705250764514	0.013142893954316549	0.007478698078135571	0.004196208364347596
0.47964690566831636	0.41414524463077845	0.343354064026535	0.2712595073443322	0.20307716900919523	0.1437775443837639	0.09647200679974649	0.061693932095068314	0.03789068345076752	0.022530234721781783	0.013065666853492157	0.007435179991741494	0.004172005395849893
0.47727173810243784	0.41144135911749763	0.3404464072586313	0.268351511706209	0.20040499859146133	0.1415341856906037	0.0947476121490377	0.06046955183492255	0.03707738804148577	0.022017937972794818	0.01275584713578555	0.007253435071123475	0.00406776015423402
0.4763172308056037	0.4106255441071566	0.33980061964036523	0.2678873243232098	0.20010781937377886	0.14136791206945953	0.09466834786647178	0.06043922826576683	0.03707015172018689	0.022019437193936998	0.012759473874256114	0.007256744225681199	0.004070159145107362
0.4723991588601906	0.4071837245594695	0.33696909756619325	0.2657372195445771	0.19861719053585825	0.14042850720249145	0.09412836531992307	0.060153290733853636	0.036928742341862525	0.021953168317948468	0.01272965006246729	0.0072437081679074065	0.004064573840742443
0.48193022942137564	0.4154961439995727	0.34373745246410925	0.27080232007557	0.20205768991505388	0.14253588904233191	0.09529261499581801	0.06073636207775799	0.03719496684929802	0.022064054835860342	0.012771209480549111	0.007257012890839922	0.004067511682580492
0.4791318806623944	0.413144243892979	0.3419225390833342	0.26954863745834545	0.20130583707986044	0.14216206347033916	0.0951552135096823	0.06071880062317017	0.03722297077662359	0.02210026167740457	0.012801422628642666	0.007278341483948916	0.004081270946949606
0.4826701545404223	0.4165108654472257	0.3449757193553327	0.2721552752778152	0.2033812919545423	0.14369764543133115	0.0962142962913293	0.06140566326645259	0.03764673408876413	0.0223519107724776	0.012946740592137494	0.007360600097168293	0.0041271860822872115
0.4837362689204507	0.4174282131603166	0.34570795987230696	0.27268730028500504	0.20372699546563644	0.1438954760717399	0.09631234788358548	0.061446376580375744	0.037659407678368576	0.02235315527466781	0.012944470949480454	0.0073579574301891	0.004125115092136819
0.4768672953829489	0.41131297550087303	0.3405919201440835	0.2687193208906451	0.20090109046887572	0.14205229970129327	0.09520514101111205	0.06082611451077779	0.03733000828665821	0.022184474053766445	0.012859893284247498	0.0073159184435115645	0.004104213847472192
0.48232786157584273	0.4162623938254293	0.3448296009583539	0.2721044441791064	0.20340261786214955	0.14375938033446364	0.09628732440308546	0.06147117636145472	0.037697030479791456	0.02238676699159636	0.01296924255375355	0.007374416557511282	0.004135371785253402
0.4815131552872719	0.415368671663229	0.34389759156544136	0.27119551776744033	0.20258437304673743	0.14308376969686012	0.0957748977086005	0.06111117842031227	0.037459884567404046	0.02223834750743609	0.012879924411617097	0.00732221608210062	0.004105514303791152
0.475110969805115	0.4097651874774592	0.33931336308769544	0.2677434011916834	0.20022005217814728	0.1416195310695945	0.0949537394216231	0.0606911701464502	0.037262087616134025	0.022151907853157408	0.012844795813329755	0.007309062580284349	0.004101130614135307
0.47820229109377144	0.4122691948823519	0.34113852038517267	0.2688880712269582	0.2007871048207548	0.14178354506266222	0.09489759344029575	0.06055374577424617	0.037122228194439236	0.022040981560411472	0.012767448459869695	0.0072592268020857335	0.004070652588057078
0.4842955296908527	0.4181599217442201	0.3465764267987267	0.2736199488322531	0.20462937955973193	0.14468184619701102	0.09693325594504279	0.061895815641480154	0.03796209479326375	0.02254571462971086	0.013061756365066608	0.007427113462153874	0.0041649296821385925
0.48115752785960003	0.41502361125862824	0.3435778320184326	0.2709161899366784	0.20235669838483544	0.14291141877095834	0.09565345398641908	0.0610308862702216	0.03740951640283693	0.022208017156228898	0.01286221017555696	0.007312098052709795	0.004099826796160554
0.48049827215608626	0.4147214917356792	0.34363700830777133	0.2712773020434228	0.20290379509667403	0.14350926007707895	0.09619376997625383	0.0614576608671717	0.03771440651388941	0.022410093455409494	0.012988911952224425	0.007388371629503836	0.004144400562040392
0.4761513302037	0.4107324130852708	0.3401680081055882	0.2684526676413888	0.20076820713954607	0.14201303844008628	0.09521726546326985	0.0608574213936037	0.037362128780884254	0.02221003859969028	0.012877754286386146	0.00732744092579784	0.004111266587209666
0.4820530412163041	0.416469252211302	0.3454984675976963	0.273125740473035	0.20459358485124876	0.1449226401699495	0.09727728029099543	0.06222546680492246	0.038223656286946454	0.02273050028068566	0.013182509781644145	0.00750186060446019	0.004209461085257564
0.48008471983369216	0.41416668799391065	0.34296841956214613	0.27055207981396556	0.20219711548350988	0.14289012842735258	0.09570283844194714	0.06110108965504613	0.037473602757896136	0.022256566695836137	0.012895240374598852	0.007333066116248429	0.004112527880072121
0.48020615092458563	0.41426081192933745	0.34303186261352464	0.2705858358508731	0.20220695508479306	0.14288474756406921	0.09569073839528153	0.0610882390231889	0.03746294955545757	0.022248863097265682	0.01289013584266581	0.007329878248452885	0.0041106174161569965
0.4748007261072498	0.4093904132789746	0.338891977179138	0.2673075690343876	0.199809257223377	0.14126793780521613	0.09467947884453387	0.060494240473493825	0.03713015651182379	0.022068265368625984	0.012793964687458982	0.007279135168341718	0.0040839179895881695
0.4793511887253332	0.41294935007862404	0.34133379826952714	0.26866379803796253	0.20028370710267548	0.14117098485397378	0.09431682889371235	0.06008309906736571	0.036780838400475406	0.02181252348878966	0.012623289239394037	0.007172065437647663	0.00401956113155074
0.48135218797378826	0.4151550128174157	0.343641890779945	0.27091957865361666	0.20231661692607417	0.14285003301732188	0.09559014125939641	0.06097734495577949	0.03736970125259449	0.02218095120425447	0.012844952985138845	0.007301589864116594	0.004093636751236887
0.48073322928058276	0.414584157995091	0.3431427404533912	0.27051074345075965	0.20200555502654682	0.14263062170563834	0.09544591379992125	0.06088802995244698	0.03731689155305587	0.022150746823461055	0.012828060647298275	0.0072922773497023355	0.00408854814744724
0.4757309321926065	0.4099455242298516	0.3390591062480507	0.2671382020305722	0.19941451641185043	0.1407829674375654	0.09421716486394721	0.060118090487221616	0.036856459369593336	0.021884656372116142	0.012677883317091212	0.0072088466682488726	0.00404267076791103
0.47998093878836284	0.4141138656921012	0.342967538943915	0.27059514210378904	0.20226800830334637	0.14296980422424718	0.09577584133338773	0.06115920739568493	0.037515328286374446	0.02228431265789223	0.01291267635353311	0.007343579077378869	0.004118678510378096
0.47748795037898434	0.4120763147579558	0.34146143861203593	0.2696273320166047	0.2017630724903249	0.14279396394811003	0.09578591396699249	0.06124429324339675	0.03761071842820948	0.02236268982788019	0.01296830553128628	0.007379792056746647	0.004140968739108928
0.4742290777121483	0.4089222038767897	0.33854431544583996	0.2670820294804496	0.19968898430580143	0.1412229744425478	0.09467766388899032	0.06051051598683154	0.03714973095193097	0.022084722232981906	0.012805775922299834	0.00728687326729613	0.004088700226124262
0.4800545620349024	0.4139800632573673	0.3426375213838031	0.27011908540566343	0.2017267753822713	0.14244887359576092	0.09533676158780295	0.06082687430760851	0.03728439570766925	0.02213408966225645	0.012819697347079271	0.007288113693404082	0.004086474412209761
0.4840562321797474	0.4176282427958838	0.34578219603726207	0.27265072979873695	0.20361443401232213	0.14375028017248728	0.09617129291323104	0.061330573008789836	0.03757475759785367	0.02229623175816756	0.01290843776298804	0.00733612490661943	0.004112299003075505
0.47954731603685563	0.4136291318674604	0.3424539869512044	0.2700877337505629	0.20180633258916364	0.14258530541522677	0.09548218661906382	0.06095176645013206	0.03737808672837318	0.02219813104141577	0.012860679504095742	0.007313131240111502	0.0041012375380335
0.475541499104682	0.4101939079249796	0.3397219562496361	0.2681109444127583	0.20052857195314513	0.1418597824915931	0.09512749157617004	0.06080871234310878	0.03733727254995752	0.02219791144520005	0.012872009221126994	0.007324762479992787	0.004110023965371717
0.47534794995542634	0.41003222711528	0.3395981895933947	0.26802647037264216	0.20047896437977863	0.14183619936511743	0.09511993887966251	0.06080902811805265	0.03734031808730989	0.02220116615629644	0.012874579687916752	0.007326532654426822	0.004111150734449858
0.4765388590791608	0.4108603677551373	0.3400381114818141	0.26811296276039714	0.20030662859560017	0.14152928531610962	0.0947891413532635	0.060523251387468384	0.03712509521732255	0.022053638488186932	0.012779974818235926	0.007268691116398212	0.004076978107329647
0.48302518606075423	0.4167580253262637	0.34510686739398827	0.272180502005322	0.20332891604017028	0.14360506692592065	0.09611482493665527	0.06131994399931774	0.03758232018620202	0.022307842073536862	0.012918526092262144	0.007343372109626176	0.004117018238410828
0.4825230187029585	0.41609357107525285	0.3443132214248787	0.2713252552097327	0.2025000195941856	0.14288227424853997	0.09554407728268115	0.06090688975286826	0.03730420923702184	0.022130960376158457	0.012810811164081073	0.007279868803741012	0.004080462087227183
0.4766167074272248	0.41131448449957775	0.34083877216621594	0.2691589524944658	0.20144279442005691	0.1425961440377349	0.09567548812729842	0.06118825412967558	0.03758466787697776	0.022351546551051628	0.01296393928645227	0.007378264351404246	0.004140531544273283
0.48270652063586084	0.4163001416402842	0.3445332240580827	0.271543393450754	0.20269888688260726	0.1430480138140495	0.09567063693109076	0.06099623438288524	0.037363269278196075	0.022168016271422522	0.012833151815874489	0.00729294276041151	0.004087947368767657
0.4725272113808699	0.4073697228764714	0.3372033180781854	0.26599823003456247	0.19887611825831072	0.14065824898221074	0.09431226661536005	0.0602878396737675	0.03702012778969934	0.022011692561062	0.012765481304096984	0.0072649198573741264	0.004076822867227739
0.4803450749667205	0.41434200542443844	0.34305329544870306	0.2705555210407523	0.2021422357364047	0.14280671278542056	0.09561694825891577	0.06102847739330078	0.03741959773068217	0.022219844046215353	0.012871819048716373	0.007318800675969133	0.004104122709525951
0.48208967899919725	0.4156844429908312	0.3439455841940993	0.2710146695521114	0.20225554611546653	0.14270353093673516	0.09542222869783575	0.06082871960749666	0.037256445240833144	0.02210282876944139	0.012794676254935041	0.007270785195995267	0.004075413498609375
0.4781927362564354	0.41232717827948767	0.34125964263969694	0.2690551879845337	0.20097326721566916	0.1419606886818948	0.0950458527441476	0.06066544673511905	0.037199608964220254	0.022091212825597093	0.012798493623520977	0.007277727663781716	0.004081386828704157
0.4759593875211359	0.41050016534817674	0.33990652997757875	0.2681819376734133	0.20051281709458899	0.1417943181810489	0.09504657868177989	0.06073482733817895	0.03727998431371119	0.02215795534847067	0.012846100863422718	0.007308804254302806	0.004100547731019515
0.4783860431725786	0.4125070267787444	0.3414186100737402	0.26918709365840077	0.20107514470258572	0.14203374994946716	0.09509472222805229	0.0606962404350451	0.0372181194935972	0.022101959522320934	0.01280458270539788	0.007281121424402796	0.004083257892664416
0.4784241440447736	0.4126653402821737	0.3416870315064616	0.26953246782733975	0.20144715599410243	0.14238111308699225	0.0953821115865219	0.06091116419580862	0.03736627332693531	0.022197807574081286	0.012863681119588287	0.0073162811686764495	0.004103633172054447
0.47735205499762345	0.411821135772471	0.34110101195184284	0.269199143628023	0.2013211197307206	0.14239150000540685	0.09545804922644142	0.06100151087294668	0.03744444187001012	0.022255584448625028	0.012902462811540113	0.007340701368885318	0.004118348800149793
0.47721977965204243	0.4116411066730699	0.3408822429119413	0.26896057221073166	0.20108777142202147	0.14218646771584423	0.09529508708377912	0.060882914926259454	0.037364218683167354	0.022204368820253447	0.012871181092683079	0.0073222165775207486	0.00410768911169159
0.48205174643427934	0.4166685329527052	0.34588578047100904	0.27365044974840824	0.20517500765433397	0.14547569049649836	0.09774089628523712	0.0625755316640258	0.03846668160879914	0.0228885440166881	0.013280327153908875	0.007560216306012238	0.004243346359231373
0.47604536566207206	0.4105163848545908	0.33985424091237704	0.268074949273287	0.200375536236364	0.14165394927000424	0.09492397987953574	0.06063988331959812	0.03721297451712643	0.022113887041220942	0.012818612076751836	0.007292313848646496	0.0040909340275082015
0.48069658386442726	0.4149966517054031	0.34397535672984203	0.27164921192778013	0.2032695766702798	0.14383190046273922	0.09645089233115388	0.06164511674266399	0.037841357655463655	0.022491201639869257	0.013038475154488161	0.007417668027369907	0.0041612982650637235
0.4786303644554619	0.4131190429283895	0.3423623476542045	0.27035526121677944	0.2023085141955184	0.14317224575812712	0.09603006966192225	0.061392629574396174	0.037696762444075015	0.02241100834943763	0.012994878977033502	0.007394227652209146	0.004148759224678611
0.4825100687847634	0.41667127379534835	0.3454423058071875	0.2728536112646412	0.20418851860767967	0.14448200829620442	0.09687943955219223	0.0619111533113078	0.03799897085320357	0.022581484859632264	0.013089023811506095	0.007445556960769782	0.004176546052820623
0.4811411722958656	0.41471626005642315	0.34300069276776196	0.27014617837118926	0.20151287339779383	0.14211634102591364	0.09499245236625369	0.060535290982348354	0.03706744150192516	0.02198657249341235	0.012725632301698257	0.007230834114856961	0.004052732524272577
0.48130820821907055	0.4149571971066745	0.34330294951724044	0.2704819175515729	0.2018447117411508	0.14240950922303552	0.0952260238660095	0.06070538102503697	0.03718246874806851	0.022059962905132572	0.012770427357764442	0.007257287414143607	0.004067979335355077
0.47651257932041075	0.4110212584764166	0.34037402485930107	0.26857660649948095	0.20082355979657132	0.14202176422927668	0.09520188051166809	0.06083463921214213	0.03734107677006696	0.022193990200965814	0.012866793304651708	0.007320464386319505	0.0041070328298379016
0.483218047609304	0.4169763241276164	0.34534049126754046	0.27241315388489323	0.20354184021526922	0.14378312958025458	0.09625119253665766	0.06141644489457851	0.03764623347597905	0.022348002795154132	0.012942766003801308	0.007357569542275611	0.004125151855434413
0.48270652063586084	0.4163001416402842	0.3445332240580827	0.271543393450754	0.20269888688260726	0.1430480138140495	0.09567063693109076	0.06099623438288524	0.037363269278196075	0.022168016271422522	0.012833151815874489	0.00729294276041151	0.004087947368767657
0.47909770810352564	0.41320706340771424	0.342077006700211	0.2697712150013574	0.20155870601187031	0.14240531912589618	0.09536016956942095	0.06087388794486226	0.03733071969727009	0.022170345472976322	0.012844797533179462	0.007304215269134473	0.004096293387173164
0.4779468833643793	0.4120950630163473	0.3410509418483742	0.26887864035577336	0.20083401363850745	0.1418586056216596	0.0949760561082286	0.06062053517252136	0.037172090116559135	0.022074965457326068	0.01278915597831454	0.007272462165097322	0.00407845655129652
0.4785096813222896	0.41274872200522705	0.34176471505373474	0.26960073628104597	0.20150315746707156	0.14242378299679723	0.09541236682803368	0.06093128193652648	0.03737895629714203	0.022205476717674085	0.012868175321688631	0.007318854996288531	0.0041050829422975815
0.48765455635051425	0.4208609990240607	0.3485161909010297	0.274798879115262	0.20516844967171968	0.14478338713925762	0.09680643820497259	0.061696398539296884	0.03777541401492147	0.02240277139294589	0.012963967471337826	0.00736483885084768	0.004127134774233284
0.47679963880374626	0.41132123498533424	0.3406736897225825	0.2688583320324552	0.2010696565501853	0.14222016402627777	0.09534961074536226	0.06093698882905633	0.0374078017311172	0.022235430393287594	0.012891590646378804	0.007334896304440717	0.0041152621947683175
0.48083192998405455	0.4145458431109376	0.34297275181273157	0.2702399077747779	0.2016852546572978	0.14231613828206657	0.0951778562652456	0.06068377559596222	0.03717436292895641	0.022057779848688376	0.012770416007563769	0.007257848011072441	0.004068540880557651
0.47541850364513016	0.4099204385222821	0.33931398157388226	0.26761359005330254	0.20000784802398655	0.1413814821568085	0.09473569051051657	0.0605175088436551	0.037137318756356924	0.022068875956388005	0.0127925789483387	0.007277558669443646	0.0040826896329495925
0.47793084314415435	0.4122189397393342	0.34130554158791376	0.26922837640113906	0.2012229695952292	0.1422285165337486	0.09528563827716795	0.06085382188041494	0.03733374075648931	0.022179926849127528	0.012854041301217044	0.007311136570334803	0.00410089873466827
0.4817825369581111	0.41562898644584617	0.3441377513302906	0.27140433586380225	0.20275377945211062	0.14321143102157574	0.09586447488259178	0.061170181390000695	0.03749677952739994	0.02226050571969132	0.01289283802255859	0.007329579588708103	0.004109648002463093
0.47611792654783386	0.41082788589503844	0.34038481757909755	0.26875924196899476	0.20111409525830656	0.1423449866059573	0.09549688439546676	0.061069165899443285	0.03750940670836194	0.022305944459109335	0.012937171954436194	0.007362914962763171	0.004131877086643662
0.47817161562934624	0.41254277713881043	0.34169628799848606	0.2696525113571779	0.20163645223219812	0.1425909283266323	0.095573137321471	0.06106273630260997	0.03747489344969629	0.022269958922287943	0.012908993274555634	0.0073435913282536795	0.004119607123065146
0.47704873078607046	0.41172304962710143	0.3412070367732397	0.2694715177879373	0.20169032795501	0.14277841066757974	0.09580066594858325	0.06126913708459187	0.037634407910982236	0.022381002243858954	0.012980908955035193	0.0073878516197930936	0.004145874630019223
0.47675264121227684	0.41118722332040863	0.34046078381660616	0.26859139133379833	0.2007858335498728	0.14195701550439438	0.09513275763805261	0.06077517585438096	0.037296397200881265	0.02216340703678482	0.012847199299320712	0.007308492076421416	0.004099962709794602
0.47626978663941594	0.4110343671903358	0.34063568352549123	0.2690329356222664	0.20138204844535448	0.1425807255826622	0.09568452009923001	0.06120590991472649	0.037602022885379255	0.022365134968033176	0.012973355673781533	0.0073843107760720025	0.0041442218314048
0.47692451187791396	0.4110714562829646	0.34007052953778855	0.26799299850964087	0.20008814783226422	0.14127641192705687	0.0945543436227748	0.06033496089178584	0.03698930702961937	0.021963078234772754	0.012722949916744669	0.0072342587508416436	0.004056812545270719
0.4738417431906834	0.40855535193543374	0.3382130783855943	0.2668003375365719	0.19946540570369037	0.14105794445567665	0.09456403017511641	0.06043689983898602	0.03710434609504393	0.02205778426830839	0.012790225948273996	0.00727807350704237	0.004083789435740109
0.4771388720697905	0.4116815406717971	0.3410390553383302	0.2692064458036429	0.20137727379912046	0.14247056867792882	0.0955375386793125	0.061068007111152144	0.03749363602579572	0.022288939718433876	0.012923701743705256	0.007353625084433225	0.00412595893476301
0.4767373535886733	0.41076917258180157	0.3396696867598472	0.26753321692469156	0.1996242455372091	0.14086070091044867	0.09421970487665281	0.06008938380245497	0.03682225542954072	0.02185602032929873	0.012657385324760528	0.007195442137272045	0.004034397531520483
0.4795977403601808	0.41405388006873994	0.34322540271110885	0.2711067847507106	0.2029195350291177	0.14363394789555553	0.09635498167359499	0.06160724733486055	0.037831301218379965	0.022491978781943808	0.013042147270844634	0.007421215938245871	0.004163924944973175
0.47923475774800867	0.4134832474340492	0.34247675433630903	0.2702516138491809	0.20205748400727488	0.1428608762340562	0.09573177126169066	0.06114916827107632	0.03751924451458579	0.02229175322231961	0.012919411288644008	0.007348501325663832	0.004121913727844264
0.4774985035718589	0.41157242200072225	0.34047883269495877	0.2682989608357641	0.20029637537423897	0.14140432114762277	0.09462531468883603	0.06037074058872124	0.03700581483485749	0.02197007276118159	0.01272565279378234	0.007235181335826323	0.004057060842620585
0.48219783842770403	0.41578135543768163	0.3440273027072007	0.27107867281221915	0.20230169201909554	0.142734101440961	0.09544095468682967	0.06083946396983353	0.03726231487044005	0.02210593230734843	0.01279628707202799	0.007271614746522439	0.004075840482460502
0.4800305308163219	0.4141342432858235	0.34295856602637564	0.2705618984961117	0.20222016133395865	0.14291850169574494	0.09572991270518977	0.061123126497308694	0.03748963805270437	0.022267322406604135	0.01290203886736394	0.007337181717896172	0.0041149425111403825
0.47240378341761846	0.4075927203138965	0.3377532335236714	0.2667917225538312	0.19977949049785582	0.14152980456083808	0.09504911134396998	0.06084736977337092	0.03741015544764032	0.022266112904944048	0.012923318585932736	0.007359251902274421	0.0041316739050470015
0.4747562022892597	0.409498195788782	0.33914312412166087	0.26766482941515984	0.2002132133353094	0.14165595527884006	0.09500644410876695	0.06074187409964942	0.03730240850494493	0.0221804389506983	0.012863463461513432	0.0073206293326644745	0.004108026942942462
0.47881849741916	0.4131160533718037	0.3421731896460261	0.2700197841090599	0.2018956780723803	0.1427580785139709	0.09567208719453905	0.06111715699625525	0.03750314769979012	0.022284043272590797	0.012915841012279166	0.007346881983838851	0.004121186415406032
0.47928182251394436	0.41324194994668034	0.3419651940436199	0.26954234251894454	0.20126524645705213	0.14210565458780075	0.09509887054821337	0.060671878806688825	0.03718837631095115	0.02207686727726163	0.012786556354067178	0.007269309332512391	0.004075958480667664
0.48129557702586967	0.4148724037065222	0.34315167746638114	0.27028373786732784	0.20162955995459952	0.14220794603999287	0.09505909706019126	0.06058056742519868	0.037096489437674386	0.02200438432415741	0.012736185263546043	0.007236929237586655	0.004056188064076034
0.4818070950537909	0.4157212270263795	0.34429198675066736	0.27160178539249186	0.20296590402305256	0.1434091557470776	0.09602783112558895	0.061292196500629406	0.03758079729265705	0.022314810580465763	0.012926295864785829	0.007349472576188997	0.0041211705282147215
0.4729155903773027	0.4076019320094774	0.3372741316735004	0.2659290123223886	0.19871289090835512	0.14045705103328526	0.09412004850654315	0.06013116500413668	0.036905953484339504	0.02193500245486887	0.012716947010639156	0.00723550838065074	0.004059552789021372
0.48031101383623376	0.4139127788272072	0.3422583989005972	0.2695000428555068	0.20098825574619114	0.1417207600729319	0.09471474749530595	0.06035229080944622	0.03695296058000123	0.021917788744069275	0.012685529662703131	0.007207958876955412	0.004039886974521575
0.47856323687122615	0.4126969442818665	0.3416126751327481	0.2693731143159162	0.20124025133747617	0.1421685493534925	0.09519607734551769	0.060766979888858895	0.03726449175411382	0.022130877951407356	0.012821940020663818	0.0072912461660279235	0.004089040904183773
0.4767349160381342	0.41157592642292956	0.3412286910362104	0.26963482155614354	0.2019418962250947	0.14305550533747982	0.09605252412562232	0.061468983684463574	0.0377777168321916	0.022476273275193935	0.013040786683473013	0.007423964192788506	0.004167008263788852
0.47955315580083	0.41337802627320563	0.34196383998155105	0.26942529651104685	0.20107560292041665	0.14189391641067908	0.09490567054242507	0.06051853238965361	0.03707852783942768	0.0220039443644058	0.012740787556630015	0.007241738566462734	0.004059839040625349
0.4766875239469724	0.4112208087414055	0.3405889479993734	0.2687918335118388	0.20102156196285006	0.14218817294428504	0.09532992466552319	0.060925641025836176	0.037401575361785004	0.022232125458334428	0.012889869611040904	0.007334007548426593	0.004114803708789841
0.4779391534094014	0.412057268754981	0.3409855635479345	0.268793909188999	0.20074244367237615	0.14177296077398163	0.0949051381843911	0.06056747620876817	0.037135506558569086	0.02205129481787825	0.012774559986877492	0.007263778104340217	0.00407342393726263
0.48273789250000626	0.41653999395510277	0.34496590371770774	0.2721131058858313	0.2033194888179459	0.14363094899029433	0.09615441707310342	0.06135856417677023	0.03761318240093939	0.02232971871648901	0.012932846932023475	0.007352245381685562	0.004122307587816663
0.4792104535430572	0.4132947498850177	0.34213650528767725	0.26980339020295263	0.2015687975265818	0.14240125944608034	0.09534973883895052	0.06086257453463315	0.037321263227355746	0.022163478222682966	0.01284023583371128	0.007301361902591375	0.004094581586316297
0.4789823069851372	0.41336530645012187	0.34249499641855186	0.27038394381898506	0.2022605505532656	0.14308393882518491	0.09593401436783772	0.06130928057074092	0.037633831520880394	0.022367803433370644	0.012967144882323003	0.007377259628432964	0.004138730045689435
0.48016610193112824	0.41428784964104604	0.34312310853663314	0.27072592366685516	0.202370460124066	0.143044369381045	0.09582645350478285	0.06119154654521496	0.037535015770654455	0.02229587011466854	0.012919286463815915	0.0073472916629242395	0.0041207379815381365
0.4748816818654114	0.40945610361070267	0.3389400196660418	0.26733790029258087	0.1998245156525325	0.14127262713917874	0.09467833722286544	0.06049088534777383	0.03712665889289849	0.022065464879993536	0.012792002117445442	0.007277866811884155	0.00408314076552841
0.47750042045828794	0.41173693234906905	0.3407941849324555	0.2687225965643026	0.20076236183521676	0.14184459577345387	0.0949922018155578	0.060646387918877526	0.037196415841240886	0.02209364498024945	0.012801959845346919	0.007280627773510011	0.004083417687451279
0.478919034748082	0.4135491604579534	0.34291213049386504	0.2709741912080675	0.2029270617115599	0.14372406309283992	0.09647351503645296	0.061717954662505736	0.03791812637082541	0.022552940728781452	0.013081842417267378	0.007445733690491829	0.004178511204414308
0.47947945318601964	0.41381053608292523	0.34287046983567304	0.2706782484347053	0.2024730090612201	0.14322488090330296	0.09602043773716964	0.06135888216327057	0.03766091131258368	0.02238209924797962	0.012974547663242245	0.007381061436691659	0.004140681179701336
0.4756718861426231	0.41012545459907396	0.33946318982688095	0.26770693697437875	0.2000538432294355	0.14139449194414125	0.09473073472705272	0.0605059781800946	0.03712566741881052	0.022059659174454536	0.012786160250814194	0.007273425831785061	0.004080163119579808
0.47839924119922655	0.41261272916469866	0.34160972634911474	0.2694389037342823	0.20134962578711788	0.14229181505368396	0.09530915139866478	0.060857053945661786	0.03732918545964914	0.02217390886482656	0.012848986992305824	0.007307556706874774	0.004098584631786228
0.4790352227231263	0.4132003107456165	0.3421247991336553	0.2698622096601747	0.20167305871184205	0.14252106834875594	0.09546064179496942	0.06095136379375655	0.03738522886961658	0.02220610814792479	0.012867065642379034	0.007317555855020138	0.004104062947431777
0.47864160479323514	0.41291523988125584	0.3419577307910787	0.269804697262679	0.201698332144712	0.14259260664048784	0.09554502327324463	0.06102701086112791	0.037443306848633236	0.022246368400137218	0.012893065351646417	0.0073335253617048245	0.004113527015408544
0.47744919011957043	0.41123950949907806	0.3398853507186796	0.26752207564533353	0.19945339757531147	0.14061470318273434	0.0939712639846663	0.05988149544847517	0.03666861570642662	0.02175198307471465	0.012591220185107745	0.0071552220193864535	0.004010732896508167
0.48127919288340154	0.41500241082792366	0.3434184267956867	0.27064969920029486	0.2020358642293897	0.1425935220464808	0.09538101641546715	0.0608225727490618	0.0372638167533966	0.022112829502975453	0.012803122362663672	0.00727677869342651	0.004079290665498341
0.4767549517061479	0.41135613839479396	0.3407845735557769	0.26902688534223046	0.20126574158152805	0.14241143138610962	0.09551228522870987	0.06106092618138631	0.03749435010686378	0.022291941711488645	0.012926666809992418	0.007355865027949064	0.004127456316809043
0.4691468375684495	0.40465019019817183	0.33524039072126754	0.2647878998453775	0.198299919117417	0.14052022307913645	0.09440895256500303	0.060465730522706186	0.03719305806115892	0.022146531550545384	0.012858744108290443	0.007324748948071053	0.004113320041843687
0.47875992833245207	0.4130749251555068	0.34215082425866045	0.2700145991562505	0.20190317544963798	0.14277228125621072	0.09568763090880711	0.06113067405275461	0.03751336258545734	0.022291058890890347	0.0129203451716028	0.007349637835423634	0.004122815323724994
0.4788872935381463	0.41299412167863264	0.3418708289891388	0.26958300153176257	0.2013986453137097	0.1422792952101113	0.09526820639534239	0.060811231628861886	0.037290419866636546	0.022145582129366105	0.012830101301829988	0.007295715967342249	0.004091470005388097
0.48067245899826744	0.41497894506069594	0.34396467848508105	0.27164511903279426	0.2032705278724601	0.14383574660778606	0.09645563626059878	0.06164944553536739	0.03784471245105622	0.02249354046268164	0.013039991103326315	0.007418601455304926	0.0041618523897336435
0.47999889022698333	0.41411673277285843	0.34295558191969217	0.2705713663200951	0.20223773832723635	0.14293897219465285	0.09574898134089219	0.061138447547356777	0.03750070017153715	0.022274705445363897	0.01290669003144042	0.007339990953194538	0.0041165880541823106
0.47495265761409833	0.40956390869011333	0.3390789663910659	0.2674948929187121	0.19998162256540314	0.14141281713802675	0.09479096910440672	0.06057348743849143	0.037182848140710954	0.022101484593466076	0.012814069143591072	0.007290935716272765	0.004090689716799366
0.4783977009998785	0.41294768293844825	0.3422581137849573	0.2703139878769578	0.20231561372345283	0.1432073305043537	0.09607413670071904	0.06143312009648428	0.037728259784937386	0.022433018521601563	0.01300916794603864	0.007403035774384598	0.004153992327208813
0.4806553499640131	0.41471898480869773	0.3434789519040235	0.27099701381630675	0.20255900967047644	0.14316358780096805	0.0958952335629043	0.0612281314605223	0.03755321552817137	0.02230446727645992	0.01292319758117833	0.007349026219948303	0.004121495571030357
0.4777348183995681	0.4120648697913056	0.3411989406511124	0.2691681551576788	0.20120070051325212	0.1422311233911141	0.09530008990560764	0.060870750505712105	0.03734830612159379	0.022190662198547345	0.012861235219141884	0.007315661649735853	0.004103623612404424
0.4774562323252646	0.4119420272343347	0.3412329870688078	0.2693327020210665	0.2014449882907467	0.14249624778404446	0.09553902286895716	0.06105925864267534	0.037482931187282575	0.022279891813421486	0.012917191910993293	0.007349354406283842	0.004123317467096537
0.4820436374010733	0.4157990978660416	0.34421176648141355	0.271392766844607	0.20268219476014152	0.1431121869954344	0.09576542752044086	0.06108773756212862	0.0374360209929665	0.022219433255761964	0.012866746443448823	0.007313731696570729	0.0041003287559806785
0.47949054437462585	0.413626542862584	0.34250427451164367	0.2701796832183311	0.20192047449248024	0.1427001808107085	0.09558158049450612	0.061028258085655894	0.03743183256327955	0.022233360956448137	0.012882601871249913	0.007326258689844825	0.004108880441257196
0.48345153787329204	0.41720913628964573	0.3455625176100455	0.2726128257615132	0.2037092397269612	0.1439132100071354	0.09634501118536383	0.06147972460555435	0.03768659368497827	0.022372634747040328	0.012957305476699855	0.00736594290377948	0.004129888466729272
0.4760538161318016	0.4105922621888259	0.33999240416803916	0.26825749293042206	0.20057488958350891	0.14184169682113246	0.09508023507315416	0.06075724713653094	0.03729414183777394	0.02216652822645847	0.01285113051060298	0.007311687405487532	0.0041021729107627945
0.4788699869359903	0.4133088523591179	0.34249544143825744	0.2704325141671909	0.20233959015516795	0.14317254148606948	0.09601517038821623	0.061373919381238505	0.03768027198748545	0.02239870696305102	0.012986577451105912	0.007388982521083976	0.004145591358649283
0.4716008433451589	0.4065657235527159	0.3365523628272461	0.26551445343655306	0.19855050144157818	0.14046138638372072	0.09420563992187818	0.06023609504987347	0.03699771253789143	0.022003204608663923	0.012762885170114148	0.0072645021896944545	0.004077052914694714
0.478532494422363	0.4128196753531218	0.34187947744793024	0.2697456986743786	0.20165786208939693	0.14256749316847112	0.09553090245519859	0.061019762709368014	0.037439876448292705	0.022244858298129375	0.012892444645156561	0.007333288444463769	0.004113445077725581
0.48234382637495743	0.4162233024764913	0.34473846914083106	0.27197469863032814	0.20325589480559236	0.14361854362954865	0.09616880703836234	0.06138156889193757	0.037634812951704746	0.022346318675395258	0.012944219320690264	0.007359494781016605	0.004126710425269511
0.476015451850117	0.4108264557805945	0.3404818555686242	0.26893387628161375	0.2013301411109967	0.1425624318421546	0.0956853019308673	0.06121445865053697	0.03761170373932754	0.022373123070946545	0.012979039689286804	0.007388017187756599	0.004146505968509218
0.48405256518322903	0.41751091158681214	0.34555911610707685	0.2723516851235126	0.20328588899091707	0.14344026267866206	0.09591335033874769	0.06113710717100732	0.037441208538253515	0.022209781673022316	0.012855124729977222	0.00730440761963811	0.00409392033667829
