r0	r1	r2	r3	r4	r5	r6	r7	r8	r9	r10	r11	r12
0.38289746811277736	0.3140152379007139	0.24527121217093334	0.18158650875873078	0.12727015850204335	0.08467405705907494	0.053789539274297506	0.03287291592161898	0.019477668144657918	0.01126767535992396	0.006401170285058218	0.0035876396517944917	0.001990714402158203
0.38551109511032144	0.31619236513134924	0.24695840587783358	0.18279399472395286	0.12806780679375893	0.08516381957637922	0.05407264987220012	0.0330293901367478	0.01956161472717949	0.011311949027515911	0.006424342414308116	0.003599750559275271	0.0019970582300427126
0.38502205967740766	0.3158331999828746	0.2467272128911615	0.18267035360604214	0.12801954655888334	0.08515826422172651	0.054085192018472734	0.03304578051124669	0.019575678707511136	0.011322122179497913	0.006431031930111001	0.0036038929704782733	0.001999522575632939
0.3809974768005896	0.31259526390426523	0.24432916564721688	0.18105249637918178	0.1270294535128051	0.08460715768960995	0.05380393538308142	0.03291281707683151	0.019516915379490154	0.011297718605849105	0.006421529016003513	0.0036004759602295496	0.0019984397246628587
0.3840819683902451	0.31554693585903504	0.24699198702697148	0.18329258869497148	0.12877752884195703	0.08587451265466876	0.05466384560804108	0.03346467446075478	0.019855716403434562	0.011498766486894994	0.006537837660792561	0.003666512651215632	0.002035422985200042
0.3833272725967111	0.31444078415705606	0.24566699524696098	0.18192830164941345	0.12754274646323882	0.08487518381255213	0.05392791068537293	0.03296267959493584	0.019533234692947148	0.011300857455053798	0.006420458072401084	0.003598629878985995	0.0019968858215552235
0.38375142166666854	0.31450968198036017	0.24544293594215727	0.18152236572186778	0.12707861981046267	0.08444909703666437	0.053589297004739175	0.0327200997086337	0.019372198352239117	0.011199769295887374	0.006359545116270218	0.0035630039522449204	0.001976496976316363
0.38287529936390885	0.31374016960001794	0.24480787444592478	0.18103358149446644	0.12672834302958028	0.08421426736599895	0.053440605314185805	0.032630132489435894	0.019319587030930823	0.011169747562003536	0.006342704627988809	0.003553668186804132	0.001971363248816766
0.38530663297676376	0.3161099157856474	0.24698040265389026	0.18288588484771953	0.12818933691870535	0.08528226365247403	0.0541697905535285	0.03310029553068355	0.019609248959635298	0.01134208806827804	0.006442601769705585	0.003610470139703823	0.002003209444660336
0.38088436176278656	0.31239712552624366	0.24407406355559316	0.18077977020550728	0.1267770907288006	0.08440002610026093	0.05364995962346703	0.03280710359153377	0.019448692185735323	0.01125571101162596	0.006396554529909983	0.003586007448059768	0.001990215391920071
0.3818880623445077	0.31341747059860897	0.24504525503807467	0.18163526179786318	0.12747079143508205	0.08491889188276697	0.05401086354041535	0.03304326085507264	0.019595865248969627	0.011344049421034787	0.006448103241937081	0.003615466006512147	0.002006793610488676
0.3870550627617452	0.3175473078355402	0.24807534303107115	0.18365239872266265	0.1286818523774686	0.08557462856710972	0.0543321938266101	0.0331860840231382	0.01965305873704798	0.011364035366050485	0.006453515070596356	0.0036159025503362746	0.0020059313203629656
0.38379634868153	0.3145371502599009	0.2454545238765629	0.18152209149008844	0.12707161812877946	0.08443989815582013	0.05358078047085471	0.032713474650513163	0.019367576197679266	0.01119677350483283	0.006357700819704817	0.0035619092454352965	0.001975863951139605
0.3821597407560106	0.3136147599988932	0.24516984650189022	0.18169931694737396	0.12749297944105262	0.08491795072796321	0.05400074589618948	0.0330318974146154	0.019586542238347753	0.011337441285637115	0.006443805471981333	0.0036128220620218186	0.0020052272468282844
0.3836758633446756	0.3145970398669913	0.24565717203749546	0.1818052930087559	0.12736884971367954	0.08470164399676014	0.05378388464468128	0.03285681572497206	0.019461796698560963	0.01125552082415452	0.006392933775259519	0.0035824470575677434	0.0019875897300809108
0.3783409618743581	0.31029233013096047	0.2424550199803644	0.17963092280513862	0.12602569214336995	0.08394399480843434	0.05338986183278915	0.03266549484577885	0.019373939850797117	0.011216934743092327	0.006376585222320556	0.0035757262218520233	0.001984901505166303
0.3828115837686273	0.3141363231156283	0.24555325493814179	0.18195532119477964	0.12764736059769716	0.08500207138440599	0.05404234692097845	0.03305064720145828	0.019594225343572587	0.01134024648590386	0.006444654328964479	0.0036129719753772117	0.0020051716985436206
0.3801117702539803	0.31174923497565876	0.24356740035414304	0.18041289572497157	0.12653122953121299	0.084246507353443	0.05355954240315624	0.03275612999632427	0.019420791941627224	0.011240708942762117	0.006388561163332748	0.0035817630410496164	0.0019879618426199897
0.38608437082936037	0.31675553931509887	0.24747844117258064	0.18324018857214786	0.12842162070260763	0.0854235839965049	0.054250614508864876	0.033144440768841044	0.019632637688165294	0.011354268830920214	0.006448900333691447	0.003613725774650516	0.0020048982285519306
0.38293265793211473	0.3138246277487534	0.2449090513405787	0.18113756115417215	0.1268221853545535	0.08428997857442047	0.053496195688165216	0.03266795366156733	0.01934383183377457	0.011184601876838847	0.006351503397102464	0.003558751746810056	0.0019742471054784
0.38205320047488844	0.3131962572245909	0.244523491775653	0.18095116863059907	0.12677036706622108	0.08430942901392542	0.053540941539481544	0.03271278792405598	0.01937908570103794	0.011209051275834197	0.006367201045096374	0.0035683295537971573	0.0019798901359359667
0.38501472378346147	0.3160582055448833	0.24712768920336375	0.18315767269828306	0.1285020325504088	0.08557036430502063	0.05439930245199301	0.03326499959511226	0.01971872316641973	0.011410870236355222	0.006484074662145288	0.0036347374627140718	0.0020171023615297946
0.3837042775004976	0.3146987879228618	0.24581223884077594	0.18198377766679594	0.12754065877628448	0.08484597144761204	0.05389272997617113	0.03293223970939452	0.019510771028567055	0.01128580111875883	0.006410987438544996	0.0035929269564639434	0.001993555212781704
0.3833628900204541	0.31458705582337776	0.24589433938704136	0.18219216589373255	0.12779799530392283	0.0850903357738071	0.05409057816307841	0.03307561458305771	0.019606671675660565	0.011346312158073647	0.00644758105475765	0.003614383922904665	0.0020058575325362163
0.37958731983046057	0.31142333724551485	0.24342292288901296	0.1804052641593135	0.126602839290215	0.08434588761869259	0.05365338384700481	0.03282992461056778	0.019472637750751778	0.01127447490960569	0.006409420265360283	0.0035941751701151423	0.0019951523432644204
0.3847566196853507	0.3154230406290401	0.24622482451772293	0.1821474371048347	0.12754376252339558	0.08477229773365247	0.0538007232318749	0.032851726902104195	0.019451050567404683	0.011245664114146127	0.006385700460658184	0.003577684810090158	0.0019846477857278304
0.381453785882736	0.31267748755949526	0.24410234028449806	0.18063271974005612	0.1265463293491753	0.08416197864365897	0.05344921758311033	0.03265818810844158	0.019347614684628776	0.01119131306460774	0.006357351942080466	0.0035629142715080577	0.0019769315227549495
0.3863272392651502	0.31719359028253186	0.2480486592467815	0.1838531339193685	0.12899038267002677	0.0858909879334723	0.0545981858272096	0.033383030726769895	0.019786554366595363	0.011448998261836834	0.006505194797309317	0.003646326679150926	0.0020234238233897118
0.38426139748908905	0.31522160633707985	0.24627480717682024	0.1823657186440852	0.1278336291084713	0.08505516807604117	0.054032844485389246	0.033021205914969126	0.019564925647384202	0.011317722948089026	0.00642935983973338	0.003603317558519361	0.0019993572604208583
0.38148377492295243	0.312805296275186	0.24430165560796527	0.18086414139610296	0.12677010500216165	0.08435048886777974	0.05359166091655051	0.03275703583097615	0.019411868589913228	0.011231073656109349	0.006381072970281914	0.003576690609509351	0.0019847762742114497
0.3819235461551904	0.31346241262793867	0.24509514779287805	0.18168436563062576	0.12751397206177617	0.0849531757309634	0.05403578347139263	0.033060105756917195	0.019606617655274106	0.011350618438989315	0.006451986718822395	0.003617706660477896	0.0020080634885646467
0.38301872998445424	0.31432556728137667	0.24571628269628934	0.18208655430727333	0.12774571155231046	0.085070877497813	0.054087636385483015	0.033078993261598084	0.019611280933397843	0.011350208349537391	0.006450347155834932	0.00361617406361763	0.002006952338757076
0.3858353855883576	0.31652603891779096	0.24727902952373002	0.18307839674688037	0.12829952532937636	0.08533766402289078	0.05419378662356108	0.03310873413488656	0.019611086764649583	0.01134165081341173	0.006441676100252015	0.003609656475979822	0.0020026328819752266
0.38131516405289606	0.31305187742552426	0.24487098212050576	0.18160744352964314	0.1275301723039671	0.08501167314735107	0.0541015380638151	0.03311571448972655	0.019647226666121623	0.011377684868665682	0.006468956490579632	0.00362790478436483	0.0020140116454717577
0.3815620305555875	0.31311800336061485	0.24478578883868965	0.18142517176143164	0.127312440667109	0.08480751966616372	0.053937208581460644	0.032996974298650186	0.019567921728368964	0.011327684197605888	0.0064387313643910725	0.0036101859233029538	0.002003853765930422
0.3836586587717286	0.31471328432479206	0.24587474591647882	0.18207396087857625	0.12763655262289636	0.08493103716093436	0.053959050757967926	0.032979199194324654	0.019541710429730852	0.011305124683579599	0.006422590724788752	0.0035996967372613426	0.0019974228518855734
0.38221299360215233	0.3132447800989445	0.2444787061537086	0.1808462756120755	0.12664299352614236	0.08418941374858573	0.05344421925897563	0.03264290831082381	0.019332441937835468	0.011179663222396385	0.00634944730553419	0.0035579272491988736	0.001973929184165563
0.3852548864630067	0.3161991953434533	0.24717910466274864	0.18314304430566924	0.1284511603594055	0.08550935039628883	0.054344500204751206	0.03322296003012134	0.019689611976933852	0.01139208497314095	0.006472541616789971	0.0036279041283673805	0.002013155688844845
0.3845071469522462	0.31543594564197974	0.24645032504715916	0.18249967450407178	0.12792877946282752	0.08511838826068707	0.054072527059586296	0.0330450218301447	0.019578752071572555	0.011325563711607478	0.0064337353382330565	0.0036057330485770025	0.002000681151937977
0.38683182373550634	0.3171623581638572	0.2475827047405071	0.18312783675409078	0.12819820282348965	0.08517905277941189	0.05403911158236857	0.032985469080432234	0.019523922771907506	0.01128468952753838	0.006406421569844953	0.003588655564732522	0.0019904588780208167
0.38440325195920383	0.31496802122020656	0.24571567806158695	0.1816447643757436	0.12710157541254546	0.08442164363463923	0.05354632931317093	0.032680119369487684	0.0193417178906681	0.011178976526784314	0.006346327342395573	0.0035549908025906468	0.0019717961351392818
0.38391798041764197	0.31505567491722813	0.24626366186319582	0.18246196510341395	0.12798059446946042	0.08520558740933622	0.05415923681508596	0.033114776531606084	0.019628354522341934	0.011358097990684823	0.006453922469184529	0.0036177798986983243	0.0020076735254016434
0.3850531286567488	0.31604647892394383	0.2470757900647014	0.18308248013087627	0.12842188121974069	0.08549913331142595	0.054343689343805825	0.03322557935835772	0.01969273001631771	0.0113946262228075	0.006474316312736698	0.003629042281804225	0.0020138479034790724
0.3836009772986518	0.3147656258822577	0.24601343387403452	0.18226027875185652	0.12782927786977086	0.08509963195737105	0.05408944526359147	0.03307107051945769	0.019602045540244188	0.011342726226884908	0.00644513582768881	0.0036128366394517306	0.0020049242345132508
0.38354134090292086	0.3147764371041707	0.24608097878375354	0.18236116686253248	0.12793800477893957	0.08519678989614295	0.054165546062648555	0.03312512594347359	0.01963774002303169	0.011365055575043175	0.006458559666713683	0.0036206752520787865	0.002009405282756044
0.3816216252989388	0.3132144741358501	0.24490638188563432	0.1815522253748651	0.1274290468782592	0.0849027545988666	0.05400778281255009	0.03304532853457077	0.01959908437097916	0.011346853785276272	0.006450120399227604	0.003616780752254471	0.0020076011508702273
0.38507763415760293	0.31583987136557007	0.24669366778041765	0.18261203342648522	0.1279536156551326	0.08509803920307951	0.05403746074082272	0.03301164304741778	0.01955304144715926	0.011307922757910505	0.006422480365508251	0.0035988934005684666	0.001996662117323864
0.3844341991513466	0.31564554590825694	0.24687736019334786	0.18304034040728995	0.12847414599283405	0.08558916398887399	0.054433772621282454	0.033298269973514635	0.019744515600625106	0.011428633628161934	0.0064954350558661	0.0036416524370760975	0.002021170277166866
0.38262812880736885	0.31424086308922355	0.24588625987409568	0.18241781156808554	0.12813274344515146	0.0854302830097784	0.05437540368328601	0.03328624578264125	0.01974940145145168	0.01143716076227046	0.006502853577698609	0.003646931407941012	0.0020245751939861013
0.3845880596745447	0.3154085164057149	0.24633642644266635	0.18233605026888244	0.1277550979907703	0.08496447893572871	0.05395262206784535	0.03296016960337234	0.019522871851830124	0.011290675196794803	0.006412791330193896	0.0035935160492332487	0.0019937025452213047
0.3799859248802697	0.3117885803652152	0.2437386497784824	0.1806603789251582	0.1267947886344456	0.08448069939092132	0.05374244240838472	0.032885844690904734	0.01950637620991656	0.011294224913999215	0.006420726686651215	0.0036005435832069713	0.0019986974981174555
0.38383285942341416	0.31470315079660016	0.24571534537612627	0.18182563733895069	0.12736530728637885	0.08468724650223923	0.05376756949539746	0.03284300069753117	0.019451711607634446	0.011248804010254198	0.006388725794389223	0.0035799199340504377	0.00198611656379615
0.38422869303927165	0.3150910742477201	0.2460727664611069	0.18213172372388134	0.12760764473234396	0.08486495353402156	0.05388920932961008	0.03292158932783885	0.019500204888913714	0.011277690704185397	0.006405485174977113	0.0035894559003016133	0.0019914656621129075
0.3811814818773471	0.3129862554806377	0.24486486756613182	0.18164288016001234	0.1275855664201988	0.08506887560215312	0.05414986684912071	0.033151634020325144	0.0196716476280314	0.011393264753615396	0.006478450818367797	0.0036335021407783337	0.0020172333643078905
0.3830087164356589	0.31428865526251093	0.2456597288354529	0.1820212548597719	0.12768269146113276	0.08501781604242614	0.05404753938588858	0.033051161174739906	0.01959318418173646	0.011339007228190397	0.006443663280396878	0.003612291715251745	0.002004741337080923
0.37910083169314884	0.3110897778114117	0.2432341828017837	0.18033200906476152	0.12660398118969088	0.08438244960163357	0.05369810836342963	0.03286887659713366	0.01950149827685226	0.011293872295001273	0.006421645856788358	0.00360154783349986	0.001999462763587837
0.38138280701357785	0.3126411027443969	0.2440962848568456	0.18064796288507218	0.12657201573336294	0.08418899791087052	0.05347219817312569	0.03267531266582433	0.019359268644576016	0.011198750077443215	0.006361884053660144	0.0035655859097012766	0.001978469076281167
0.3830403514272945	0.31431128836956806	0.2456736376960104	0.18202798690177205	0.12768455800896522	0.08501709685890746	0.05404589921018071	0.033049517376927254	0.019591890510357524	0.011338109271746237	0.006443086342343993	0.0036119395049879852	0.0020045337345885755
0.3804438476910148	0.31255014723229935	0.24470138695959998	0.18168132023625042	0.1277360500060316	0.08525213992770764	0.05431571357778687	0.03327949507784886	0.019760512853880183	0.011450767273263654	0.006513827532089854	0.003654495685716795	0.0020293726373461006
0.3821396137576135	0.31338334911669574	0.24478078280094206	0.18123476811658243	0.12703715559545775	0.08453050841402432	0.05370624164353654	0.03282668776997779	0.019452762790880977	0.01125448628511193	0.006394240934715563	0.003584005650327005	0.0019888052712244498
0.38349784271563453	0.3146201340929678	0.245842420052949	0.18208617558825502	0.12767288939743499	0.08497374316941506	0.05399710141340438	0.033008264350170735	0.019561785858394364	0.011318058027966703	0.006430522368900236	0.003604392728711806	0.002000133664765364
0.38200087115810877	0.31292037765969155	0.2440835072036651	0.18043640180549364	0.12627102047590735	0.08388822113616795	0.0532225234724936	0.03249181342217446	0.019235462955086137	0.01112019194209795	0.0063141967400760154	0.0035375509841824903	0.001962365760648414
0.3847328632465323	0.31560470747602826	0.24656228142113396	0.18256309592266157	0.1279573178562636	0.08512627694459902	0.05407077678831602	0.03304026214345365	0.019574083688560007	0.011321995236129659	0.006431319410557282	0.003604210783551102	0.0019997654340534175
0.3817938965015021	0.3131159210038605	0.24459350347102093	0.18111837558745542	0.12697434145540334	0.08450208398900054	0.053696457452468406	0.032825277906345963	0.01945423799064404	0.01125643271552938	0.006395839059956755	0.0035851153870169955	0.001989511743266371
0.3871309594202447	0.31737270349586977	0.24770771685957432	0.18318365400534098	0.12820826236990723	0.08516597544636788	0.05401899513263502	0.03296683207004749	0.01950974313007047	0.01127502839969717	0.006400285040456827	0.0035849374563487264	0.0019882785694057097
0.38450905297630994	0.3151419202243126	0.24593397331306155	0.18187476087165633	0.1273122267568258	0.08459316716420531	0.05367302120013798	0.03276665527769561	0.019397338497605943	0.011213116475063836	0.006366575448641109	0.0035666997981131624	0.001978442778072315
0.3841283145139781	0.31537096355024996	0.24664516171512024	0.18285690770965815	0.12833916448084554	0.08549632626420466	0.054373589743590287	0.03326109432829225	0.019722391388263993	0.011415825817981297	0.006488167386583011	0.003637586957801613	0.0020189190428305907
0.38034310012012235	0.3120181289542342	0.24385030141681963	0.18068155510292613	0.126761738275113	0.08442637999230963	0.053688682791855395	0.03284265403530085	0.01947567018331141	0.011274081386160062	0.006408224261364807	0.003593080439711221	0.001994364519392493
0.3839485700182228	0.31501767781310047	0.2461721356840386	0.1823413520339446	0.12785681314553915	0.08509774453676187	0.054076026508380066	0.03305623639669345	0.019589946611792194	0.011334177582458714	0.006439586901296687	0.003609427463540553	0.0020029063527432344
0.3829363829344722	0.31441672951545574	0.24594332562816668	0.18238811490767123	0.12805644886163742	0.08534235106530579	0.0542975411777184	0.03322690728900575	0.01970845049676727	0.011410784982270326	0.0064866780923496575	0.0036373537707174663	0.002019045815228171
0.38151031235591093	0.3127794135414315	0.24423480280957616	0.18077485966497805	0.12667802661117378	0.0842700864256976	0.053529550407543994	0.03271330952023952	0.019383166903469	0.011213192515625782	0.006370354201807687	0.0035704443375266536	0.0019812107164389027
0.3816453068406507	0.3129521058114031	0.24442743267392075	0.18096482571628036	0.12684515859946732	0.08440274054549815	0.053625908343416046	0.03277839504594033	0.01942468351227911	0.011238541745115748	0.006385333250803162	0.003579083729403192	0.0019861057175944124
0.38048838342379443	0.3121504654281184	0.24396398251268148	0.1807728311385796	0.1268299943004995	0.08447404689252641	0.05372001441265036	0.032862243273070434	0.01948744746754449	0.011280956194191496	0.006412151216356215	0.0035952885403696287	0.0019955921179315825
0.38509592652190094	0.3156995631140722	0.24643311292315426	0.1822911789486838	0.12763447653669993	0.08482495845397288	0.05382918752311341	0.032866278371236464	0.01945820206409616	0.011249094338177994	0.006387327010618936	0.003578455166727235	0.001985014994939754
0.3848172835486835	0.3152851227874341	0.24593432173858654	0.18177732843474842	0.12717015547524316	0.0844501553812233	0.053553962974470966	0.032679049153728185	0.019338205508023815	0.01117559123463814	0.0063437973881645794	0.003553310024986226	0.0019707524379568757
0.3822814488854151	0.31351291048295776	0.24489236246417387	0.18132454748743	0.12710440530030384	0.08457753246741251	0.05373718014128595	0.0328460449951685	0.01946440686273124	0.011261286137930041	0.006398126307074719	0.0035861909015621487	0.001990020392654845
0.38386644846653695	0.3147342003228128	0.24574240335723707	0.18184765461722918	0.12738196905014423	0.08469900220152571	0.05377536306382466	0.03284790764894261	0.019454678325115906	0.011250543462059514	0.006389722806244565	0.0035804820282882063	0.0019864296886734694
0.38428475296235004	0.3152498413354129	0.2463052689489328	0.18239512827351673	0.1278591382659796	0.0850752155196966	0.054047303951793864	0.03303092245599214	0.01957110016985699	0.011321482446233622	0.006431576754276315	0.003604594236986254	0.0020000797947551724
0.38475628129426515	0.3158794299584827	0.24702490715004616	0.18311593327307377	0.12849998848228794	0.08558758020101104	0.0544213845220152	0.0332845086948192	0.019733268794703464	0.011420677674547056	0.006490266889159526	0.0036384755353800796	0.002019289190371344
0.384405840461426	0.31546243615447583	0.2465792817216687	0.1826881897212018	0.1281302847813726	0.08529765361353231	0.05421254098966551	0.03314427942621901	0.019644201807114355	0.011366464425101568	0.006458304987381585	0.0036200719625727545	0.002008874775137398
0.38283898952890866	0.3140602805087281	0.24539767425527964	0.18175818387963036	0.1274484580201162	0.08483034625504099	0.05391055438150432	0.03295823930254286	0.01953372930537566	0.01130262468342727	0.006422130017980691	0.003599857599680484	0.0019976903050557314
0.38092009284956385	0.31252045656740324	0.24426104811463692	0.18099471980138337	0.12698404887360143	0.08457404569198199	0.053781360790085914	0.0328982738259705	0.019507959757634877	0.011292391700142101	0.006418441742298183	0.0035987206744605795	0.0019974556680108137
0.38092503398108213	0.3123649443890053	0.2439846672347548	0.18065865487758767	0.12665138439336746	0.0842898498884508	0.053564636381845096	0.03274692848862123	0.019409142273777803	0.01123104781367684	0.006381759816945035	0.0035773814441804226	0.001985289512475857
0.381391868997375	0.3125228030960342	0.24388202214849078	0.18038621717551748	0.12631263798347664	0.0839674688794885	0.053303392928750325	0.032557536088210264	0.019282433478307444	0.011151086292918097	0.006333398768227443	0.0035490223647895404	0.001969028907158196
0.38234402264893785	0.31367039508552524	0.24511732641064407	0.181576831930038	0.12734407711917195	0.08477739073692253	0.05388725206671573	0.03294976240055354	0.019531641330449948	0.011302812283876156	0.00642286761433306	0.0036005461121774553	0.001998189178446342
0.38206270382742	0.3133988211295438	0.24487041265002457	0.1813677381688422	0.1271800252223283	0.08465794128125413	0.053805932133657405	0.032897438498936345	0.01949945381898035	0.01128368260205334	0.006411787946677091	0.0035942498447363567	0.0019946606694897103
0.38346759165319144	0.31455665104577346	0.24575580926192397	0.1819910036804397	0.12758348044680304	0.08489969874421358	0.05394175517980947	0.032970134076910365	0.019537123343677073	0.011302850251419127	0.006421472195327007	0.0035991462071961132	0.001997150022686341
0.38264157144275013	0.3140388552028254	0.24552087425417057	0.18197047224302879	0.12768807860992581	0.08504927650883377	0.054084211734002414	0.03308256350675815	0.0196162505560582	0.011354430115363561	0.006453351086160401	0.0036181205245437147	0.002008143654072211
0.38461469419196215	0.3155271167545884	0.24652252629506327	0.18255271537989418	0.12796490726243198	0.08514135389135012	0.05408631345636022	0.0330529477117832	0.01958317460330069	0.011327985168230513	0.006435046746726098	0.0036064393005608244	0.002001060592515456
0.3848124600159193	0.3153336846529594	0.24602315173097367	0.1818860881074396	0.12727793914645022	0.0845421300465497	0.053623958166010025	0.03272781917965781	0.019369982288206012	0.01119528244202395	0.006355555141007898	0.003560142167042695	0.00197464424608627
0.3809270586112714	0.3128282898170978	0.24479521691161335	0.1816399982731852	0.1276214227791617	0.08511829675831778	0.05419649066783842	0.03318830635747489	0.019697425028832274	0.011410061142487535	0.006488831156659707	0.0036396809433479733	0.002020813720679643
0.38360162867010944	0.3146721765171497	0.24584913490316854	0.18206116828769375	0.1276325282526541	0.08493175917531189	0.05396156030048284	0.032981844062779216	0.0195438311125191	0.011306610359976578	0.006423550322628223	0.003600284468273042	0.0019977700131629094
0.38569409224347756	0.3163144039718435	0.24702326290490415	0.18281407174575104	0.12806004118148887	0.08514391307916341	0.05405124510777975	0.03301162064164712	0.01954877333879999	0.011303447235197437	0.0064190363274458095	0.0035965720233977426	0.001995208556306041
0.38486562325736273	0.31556130977727836	0.24637827443740287	0.18229820900784657	0.12767600907752544	0.08487698401427712	0.0538765882927602	0.03290286799922182	0.01948361829374574	0.011265522820997914	0.006397422828602349	0.0035844403999140246	0.001988473088230919
0.381347203963132	0.31316852355394287	0.24504953065503704	0.1818137450172019	0.12772954975499604	0.08517982903773924	0.05422882834325801	0.03320420945748417	0.019704845452058414	0.011413388080649749	0.0064902798276071155	0.0036402989028514374	0.0020210737490650122
0.3850154647781548	0.3159029007741651	0.2468547350613821	0.18282680580109528	0.12817499647200806	0.08529126796598262	0.054186661428610554	0.03311663055237981	0.01962192182011319	0.011350816709126407	0.006448183482608761	0.0036138671596817203	0.0020052075370705588
0.3866364064128688	0.31739594036955365	0.2481513352473986	0.18387842915829203	0.1289684494515737	0.08584958827979151	0.05455593189920066	0.03334865606025556	0.019761963550175028	0.011432811308726771	0.006495128116206983	0.0036403102442065234	0.0020199281110819815
0.38284031901460536	0.31416104215256574	0.24557318295562333	0.18197027107249245	0.1276577871895692	0.08500887045362511	0.054046536708984905	0.033053118474909125	0.0195956377238066	0.011341036581426897	0.006445090218787729	0.0036132103713951654	0.0020053013915905886
0.3828601075385973	0.3139087759963797	0.2451151837048954	0.1814097191090338	0.12710136081741508	0.08453292879595822	0.053683417885193846	0.03279951788369003	0.01943006862415794	0.0112382698483143	0.006383648325684393	0.003577472506311352	0.0019849285987531195
0.38185752943098433	0.31345579621975306	0.2451373449035966	0.18175664144449735	0.12759547071470645	0.08502764774378804	0.05409488607837056	0.03310244422338906	0.019634736438969957	0.011368279686049582	0.006462634731543323	0.0036239372376754937	0.002011630617230153
0.3822915933653858	0.31339840998107515	0.24468368697586937	0.18106898360238888	0.12685074681553124	0.08436063493199489	0.05357175933471458	0.032730554458188225	0.019389026941607327	0.011214508808659908	0.006370163764918335	0.0035699283764195435	0.0019807505768865566
0.3844918511872141	0.31542056710896194	0.24643582991386387	0.18248701556809072	0.12791859112715143	0.08511081637479359	0.05406728850523827	0.03304160896961437	0.019576632600780207	0.01132429500406734	0.006432996556314449	0.0036053115310783874	0.0020004442224731355
0.383103965870783	0.314442858824772	0.24585249252518504	0.1822243085373541	0.12786897975709244	0.08516988626683772	0.054160169531197594	0.03312828857873027	0.019642866048531025	0.011369556305891816	0.006461807046711713	0.003622795113439526	0.0020107084783820167
0.38342609891609514	0.3149649229127252	0.24650580882252987	0.1829133196883709	0.12850188777831642	0.08568716033114455	0.05454369985193493	0.033391164016647615	0.019812322906817934	0.011473814283848763	0.006523755372439309	0.0036586687740992672	0.0020310938857715666
0.3843004857267699	0.31529307773090165	0.24636822767364647	0.1824663097142965	0.1279270458921733	0.0851319740487509	0.05408997863984713	0.03306043667023102	0.019590239929371988	0.011333306081572183	0.006438621958172223	0.003608682127258415	0.002002406034022997
0.38241921518163574	0.31379845778973176	0.24528054776321093	0.18175045313171487	0.12750425672274196	0.08490860138113064	0.053984652236813535	0.03301656264185151	0.01957471681551699	0.01132931921136473	0.006438619247258648	0.003609668317786203	0.0020033731392115318
0.38295249574464246	0.31436481099240654	0.24583909150073027	0.18225657262096512	0.1279238587469385	0.08522786750142672	0.054209637261379645	0.03316523701026457	0.01966805546345549	0.011385652300561704	0.006471625565940186	0.0036285872256733584	0.002014043664052215
0.3847603864622595	0.31561484330019407	0.24655763612404702	0.1825486886590944	0.12793894466354014	0.08510861262053124	0.05405638751835963	0.033029799475897126	0.01956707146691957	0.011317565227137453	0.006428638268915353	0.003602637848782776	0.0019988632733682686
0.38159891246388233	0.3132105658153255	0.24491803403822984	0.1815736148774924	0.127453644730245	0.0849254347091958	0.05402587211246681	0.033058326541166104	0.019607734103758274	0.011352293963071027	0.00645340337007963	0.0036187030208490955	0.002008702208056104
0.3841464148613502	0.3150500449931856	0.2460678266905882	0.1821519764326111	0.12764001573599912	0.08489850955703182	0.05391755734302722	0.03294263206653326	0.019514489923896157	0.011286791368292269	0.006411024509295819	0.003592718489822034	0.0019933421454829932
0.38232245210628835	0.3135759334792721	0.24496939590474454	0.18140467560090218	0.12717732371847773	0.08463672441709127	0.053780844986244844	0.032875859105607176	0.01948357099532855	0.011273051806272185	0.006405106300600321	0.00359022827679726	0.0019923127059236117
0.3816496216146131	0.3131377561819729	0.24474910137342648	0.18135274360652612	0.12722759954634125	0.08472867547032989	0.053874067386407924	0.03295149865244443	0.019537616155950097	0.011308606395077676	0.006427211574210015	0.0036034379976098503	0.0019999875127939457
0.38163526263916486	0.31350692006632935	0.24540845223757277	0.18215686483829038	0.12802558701162042	0.0854119094697575	0.05439608273103967	0.03331660628831498	0.019776299073934845	0.011456916800828318	0.006515960815662021	0.0036550944477712777	0.00202945018978116
0.3854036850725279	0.3158331485248244	0.24641691326399578	0.18217378050494137	0.12747269120608362	0.08466512448611496	0.05369731241530073	0.03276972992948683	0.019393235727217056	0.011207950994322508	0.006362387072910077	0.003563808554416853	0.0019766084631711485
0.37984925797422375	0.3114960392065907	0.2433373588521133	0.18021818230364747	0.1263784944992158	0.08413529859286699	0.05348382141943447	0.03270739733464251	0.019390805867726412	0.011222883211066476	0.0063782344844794765	0.003575893616716924	0.0019846720660572996
0.3863399480208795	0.31693188799221067	0.24757932034706026	0.18328062196100686	0.12842293850438408	0.08540609422892942	0.05422853147410052	0.033125047672768596	0.019618228530834354	0.011344575672790179	0.006442790082762662	0.003610041433115133	0.0020027446310742487
0.3841138221643091	0.31492547176078595	0.24587620576038632	0.1819306541474384	0.1274266271659987	0.08471910949504509	0.05378220825090294	0.032848825070139934	0.019453574453066537	0.011249127094777154	0.0063885683849022904	0.003579683148560329	0.00198592211586876
0.380983440528214	0.3126042739863061	0.24435637759662263	0.1810899358515795	0.127068581068768	0.08464159248337882	0.05383067667041702	0.03293171400785143	0.019529353237468423	0.011305483004861065	0.006426190254146608	0.0036031952224378975	0.0019999932063327923
0.38400076882339296	0.314816080859117	0.2457765890050951	0.18184622566956687	0.12736037521929974	0.08467088537742604	0.05374939665878022	0.03282772690151721	0.019440603880014302	0.011241422621911827	0.006384108040308349	0.0035771493490224034	0.00198450252641493
0.3813840525448216	0.312918922214833	0.2445817478902412	0.18123490749720383	0.12715129437706574	0.08468293666660763	0.053848365338937665	0.03293774235392359	0.01953048954704614	0.01130498170306754	0.0064253813170506244	0.0036025132397564563	0.001999517681183208
0.38369250650062886	0.31451572620771023	0.24550133519902748	0.18161163890950505	0.12717542095126164	0.08453573289254344	0.05365714952219875	0.03276826347361855	0.01940397665955264	0.011219633876135105	0.006371479669423692	0.0035699694208900846	0.0019804773320767854
0.3818605330580388	0.31349397686494906	0.2452018696546093	0.181833905882477	0.12767146184968983	0.08509237300202693	0.05414417427874514	0.033136840142027425	0.01965718713638449	0.011382214452664728	0.006470966709122756	0.003628784080770606	0.0020143939028421888
0.38350311789497105	0.3145827286323583	0.24577258749391884	0.1819999708055449	0.1275869733117792	0.08490008988271042	0.05394083222484103	0.0329689330647767	0.01953609353607366	0.011302105391621003	0.006420982348599716	0.0035988428309645794	0.0019969695175692435
0.3854724812370784	0.3162105666276083	0.24702172841724032	0.18288292872954623	0.12816138267693297	0.08524635825076685	0.054136768545619524	0.03307467730315075	0.019591398779441983	0.011330526516270123	0.006435486852353795	0.003606247951806374	0.002000768275177336
0.38340499566541997	0.3147736794444192	0.24618732143694586	0.18253372056451336	0.12812931925796178	0.0853701802464678	0.05430248736566661	0.03322291426127746	0.01970254329254456	0.011405694674202483	0.006483033452575481	0.0036349840665888407	0.0020175924330316187
0.38300750859573124	0.3144550724273999	0.24595257541189722	0.18237652483141034	0.12803417241850945	0.08531808362172381	0.05427655110862319	0.03321110969303967	0.01969762986636369	0.011403849282500624	0.006482438451342808	0.0036348490776056505	0.00201760208332063
0.38157682350034666	0.31305064451426673	0.24465569616167426	0.18126288961875456	0.1271498127408351	0.08466759467667677	0.05383002018388735	0.032921894800664715	0.019518798145777796	0.011297144730772996	0.0064204506912256005	0.0035995434928343386	0.0019977829457480164
0.383092597237889	0.314373198184532	0.2457396111937286	0.18209118848213673	0.12773911015078734	0.0850598391185255	0.05407667039994948	0.03307017180461675	0.019605006631009236	0.011346091914540345	0.006447792309906953	0.0036146491105259384	0.0020060670558971518
0.3828623843062517	0.31372786906811023	0.2447968390141879	0.1810243545041563	0.1267211876885107	0.08420911073687261	0.05343712520272873	0.03262790919265319	0.01931822709306453	0.011168942887575875	0.006342240145325457	0.0035534049093104915	0.0019712159880056076
0.3861917646879117	0.3165771964276254	0.24707869831224308	0.18272256568149967	0.1278950269787691	0.08496742179315522	0.05390013228471819	0.03289866949075014	0.019471792149447397	0.011254286697310583	0.006389068094039165	0.003578903534339946	0.0019850396557259333
0.3822933861599743	0.31386858241086973	0.24550607376811345	0.18206404175419127	0.12783345287363126	0.08519902405704997	0.054210522101472584	0.033176325109580254	0.019679935567421387	0.01139502884716454	0.0064780775350399365	0.003632691544865491	0.002016527651536166
0.3843063231150351	0.3152073717419022	0.2462133086081879	0.18227696866809875	0.12773925501379893	0.08497145465103895	0.05396758444940613	0.03297500294302736	0.019534488225675845	0.011298714887939657	0.0064179470112966505	0.0035966593722232035	0.001995553589439784
0.385517322229179	0.3165054033254749	0.24750218042057665	0.1834504624861432	0.1287152358793981	0.08571552394649504	0.05449253058342017	0.033322116672929815	0.019752479030045112	0.011430300078833689	0.006495049495368959	0.003640854655885864	0.0020204803267360643
0.3866801400697599	0.31727463871075234	0.2479029112560616	0.1835635429025438	0.1286507951642553	0.08557548492756153	0.054345727215275245	0.03320139077392592	0.019665631077244075	0.011372945286584358	0.00645930712721117	0.0036194639554282763	0.0020080402691999696
0.3824627101480214	0.3139748919814032	0.24555448871970192	0.18206847873874765	0.12781212929977218	0.08516835949441541	0.05418123931264598	0.03315317176237468	0.019663617753307296	0.011384380722952286	0.006471491240889143	0.0036287690453804455	0.0020142539632634904
0.3858317082365699	0.316524477049764	0.24727928738472235	0.18307988337407635	0.12830154769503216	0.08533965530545323	0.05419542809989198	0.03310993580454209	0.019611895518469147	0.011342163136022243	0.006441986733856051	0.0036098389418822677	0.002002737627133485
0.38069674681604193	0.312450592057629	0.2443204044539836	0.18113800488431353	0.12715951458308097	0.08474025724262349	0.05391586115156549	0.0329957629832176	0.01957319933252507	0.011333577843995347	0.006443360677229322	0.0036133379719441353	0.0020058391786919863
0.3818834634684205	0.31373397861097996	0.24560444972678042	0.18231504452382266	0.12814447941351145	0.08549533497236131	0.05445114872303285	0.03335115567927638	0.019797129321289103	0.011469103063241408	0.006522933557202922	0.0036590202212544902	0.0020316348401998533
0.38286336223044376	0.31439469949408494	0.24596425622830104	0.18243692652262578	0.12811586419433324	0.08539851589255944	0.05434294913336169	0.03325980457354424	0.019730459012194793	0.011424676377756553	0.006495081624611077	0.0036422826959046487	0.002021872484161005
0.3840201002301328	0.3147562761179359	0.24565623815449877	0.1816946531994416	0.12720808795923969	0.08453986356474114	0.05364913962803425	0.03275760337756905	0.01939478773093223	0.01121297452729108	0.006367096520371079	0.003567253724016375	0.001978861206795866
0.38619316655607927	0.3166043552634685	0.2471250948589052	0.18277817737561755	0.12794960513255052	0.0850137491776519	0.05393527718019946	0.03292310746348	0.019487693306879255	0.011264130853320434	0.006394942136922293	0.0035823151360466223	0.0019869823271395
0.3801325645682089	0.31174842603796227	0.24354908882804083	0.18038411285764522	0.12649967113329655	0.08421806837039675	0.05353715678644606	0.032740177887886426	0.01941023466540567	0.011234094007086217	0.006384579750009743	0.0035794361496782573	0.0019866307922515084
0.3871272231743903	0.31772315899901094	0.248324846058957	0.1839313807627983	0.12894636553279556	0.08579482555118609	0.05449727519411158	0.03330000887129534	0.019726816109966322	0.011409541576519326	0.006480604210646481	0.003631609250325537	0.002014864433200966
0.38115540149452576	0.31308883727478926	0.24506621845924895	0.18189559351385992	0.1278398620703719	0.08528839318155113	0.0543184853556372	0.03327000469749371	0.019749233150599843	0.011441564959557188	0.006507393279836829	0.003650364864011953	0.0020268581508195455
0.3841917150253269	0.31504864774601216	0.24602854119100398	0.18209002497052637	0.1275720784787975	0.0848373391797886	0.05386946754045352	0.03290840887177766	0.019491868934842657	0.01127263287527719	0.006402510298840934	0.0035877459503165484	0.0019904992556464595
0.3830723918195913	0.31418912685496825	0.245433508209658	0.18172708210198374	0.127382542900964	0.0847571415143422	0.05384678810617146	0.0329100986601826	0.019500706610109393	0.011281442617345818	0.006409177009884078	0.003592203704875764	0.0019932780419502564
0.383770176115055	0.3150307838925233	0.24634050214595302	0.18260238072988083	0.1281417963833225	0.08535403248237364	0.05427750157812075	0.03319967093989516	0.019684800910650762	0.011393574638319783	0.00647531950121489	0.0036303029693461122	0.0020148442153493577
0.38124634914610644	0.3132785003726481	0.24532504860435483	0.18218069098212133	0.12810862651412355	0.08551183691728585	0.05448613953986314	0.03338590273870624	0.019824411098061805	0.011488029837345013	0.0065350948013674914	0.003666446212303455	0.0020360130809097435
0.3827250139876986	0.31405275483081335	0.2454772695585645	0.1818909645741334	0.12759685722004563	0.08496529129923576	0.05401730285296095	0.03303453067373072	0.019584310038147926	0.011334353164718597	0.006441240809466324	0.0036110320960319664	0.0020040845382151944
0.3807301876889347	0.3123984373822707	0.24420175680400924	0.18098356644731392	0.12700173467900117	0.0846030242782638	0.05381001562048413	0.03292128426891154	0.019524313596788984	0.011303117515295813	0.006425097742585061	0.0036026933581050228	0.00199976191647004
0.3852089030868345	0.3161888874411961	0.24719852902195527	0.183181304349968	0.1284959420621262	0.08555093440632126	0.05437777375108938	0.03324690371481171	0.019705555618795324	0.011402114765963672	0.0064785944482400465	0.0036314480533807805	0.0020151854663382467
0.38734784052519916	0.3177955127066255	0.24827182213898324	0.18379660578997273	0.12877994257416378	0.0856368768915572	0.05436949244810986	0.03320748719972652	0.019664980467174995	0.011370552629259512	0.0064570399561117925	0.0036177987560699946	0.0020069491657250522
0.383109325303277	0.314273226201399	0.24555078324451676	0.1818572131257472	0.12750544441981027	0.08485924971609951	0.05392326923005291	0.03296286308248106	0.01953486745415439	0.011302521823094347	0.006421727439782128	0.003599481960240718	0.0019974181779039506
0.3850955223981235	0.31599150056456	0.24694482243097213	0.18291028504550738	0.12824533522546733	0.0853454108372176	0.054225131077657765	0.03314220102489868	0.0196380420078403	0.011360574766731362	0.006453913093202233	0.0036171563929105776	0.0020070647892198624
0.3842391481447226	0.31495765016096633	0.24583071796393433	0.18183581417687533	0.12731432754632022	0.08461444656262027	0.05369836976013564	0.032788485964497856	0.019413403560175183	0.01122386359686291	0.006373326392408936	0.003570761041376964	0.0019808129330860015
0.38563318358509013	0.3166167164620725	0.24760293867504252	0.18353544653018553	0.12878167578766214	0.08576374903157889	0.054525273292086826	0.033343136556129596	0.01976538542009396	0.011437959064310147	0.006499480219211822	0.0036433701966151325	0.0020218890753803892
0.3814579184009929	0.3133115498213585	0.24521023073143808	0.18197321844654257	0.12787065517235463	0.08529240003885764	0.05431096130645966	0.03325989123755931	0.01974046854011794	0.011435188895178304	0.006503184733703277	0.0036477518600596583	0.002025300704894949
0.3763483610628874	0.30907002609150386	0.24193383195472193	0.17963608507630568	0.12633271387521827	0.08435278909246041	0.05377135251221938	0.03296407899963852	0.01958327252526428	0.011353133425711757	0.006460683525190372	0.0036257578739067064	0.0020138827607093773
0.3835145234172392	0.31473821276273023	0.24603580891673707	0.18231502658462498	0.12789646123308454	0.08516328936599644	0.05414093914000071	0.03310837271085562	0.01962699256211518	0.011358466444355201	0.006454654548911553	0.0036184180725502184	0.002008124385926903
0.3813877246917204	0.3128131400284831	0.24439344306508667	0.18100578153540248	0.12692439041984088	0.08448903597775952	0.05370046937356899	0.03283444808260251	0.019463039877318827	0.011263107876661817	0.006400340996457578	0.0035879460039899887	0.0019912123163279708
0.38507643173126566	0.3165161957738478	0.247881665857537	0.18405288390143493	0.1293790295647745	0.08631566798002392	0.05496600478349715	0.033660042913611625	0.019976357008616278	0.0115706743817576	0.00657957714140838	0.003690270860510625	0.0020487535562033576
0.38544904045969886	0.3160859404829237	0.24682249038388318	0.1826494055954905	0.1279345396085003	0.08505482012852461	0.05399187667909489	0.032974085830929686	0.019526005184354895	0.011290063518680466	0.006411349997813276	0.0035922321526805816	0.0019927882288043324
0.3838603509016379	0.3146605609315047	0.24561847427645386	0.18169981144698252	0.12723713497196928	0.08457612880764993	0.053682141662714	0.03278306375052138	0.019412467895670804	0.011224400681040938	0.00637411758958478	0.0035714158907732317	0.001981265910585024
0.3825583895233487	0.31372286518213	0.2450348893515686	0.18140870536748124	0.12714575548232893	0.08459265609832858	0.05373919835308715	0.032843117898670775	0.0194605809168634	0.011258087756342903	0.006395867059650979	0.0035847329047409035	0.001989130274285319
0.3820826966525755	0.31333583215236316	0.24474384190828832	0.18120821765682155	0.1270195222304971	0.0845196117530003	0.053699896943572745	0.032823153674407204	0.019450851632673127	0.011253470472929567	0.006393705408125553	0.0035837239377473585	0.0019886568813340453
0.3859390014780576	0.31639834476541967	0.24697107615289013	0.18267296109481812	0.1278840992334544	0.08497639632019424	0.053915551362951716	0.03291331952149952	0.01948306039060985	0.011262009514456032	0.006393990978833366	0.0035818931864165307	0.00198679552153974
0.3815114680710249	0.3124800650086766	0.2437104438835089	0.18014121372527725	0.12605349688012374	0.08373841405463922	0.053125281384837506	0.032431666827059294	0.019199622900777757	0.011099420019806159	0.0063023980598276505	0.003530945338334548	0.0019587054306841566
0.3878406056932127	0.31839897040149123	0.24892823479998122	0.18443376086430854	0.12933452753124666	0.08607367876198764	0.054684956695312294	0.033419633389457463	0.01979984612757434	0.011452685055191475	0.006505476408030581	0.003645693252246828	0.0020227360732144595
0.38221112959604386	0.3138173984520452	0.2454833643659217	0.18206287415472824	0.12784479660380973	0.0852147696994474	0.05422540095208672	0.03318803309372271	0.019688165357098532	0.011400390667694733	0.00648139067997441	0.0036346633742471057	0.0020176701006881562
0.3772864836565146	0.3093351446078595	0.2416355741075114	0.17897507590100675	0.1255366341702986	0.0836032708624135	0.05316633443946704	0.032525952687346524	0.01929014383627281	0.011168063835263855	0.006348688540898307	0.003560048044054267	0.001976188479866159
0.38484602146874963	0.3160860147450025	0.2473142541514662	0.18343804787697873	0.12880505475622075	0.0858416371216837	0.05461205322216541	0.03341625729794122	0.01981866852690848	0.011473421962755545	0.006521691588168301	0.003656708354455559	0.0020296644196541513
0.38238957657230016	0.3134509555037086	0.2446960851667983	0.1810528128105455	0.12682009205676642	0.0843274350786511	0.05354316249024975	0.0327091008367419	0.0193743686150571	0.011205131033652962	0.006364439508597773	0.0035665502018852194	0.001978804898309289
0.383336887749109	0.3142895636523091	0.24539436899063757	0.1815954855840341	0.1272129004227125	0.08459338378665447	0.05371311726074123	0.03281278453494637	0.019435432182254506	0.011240181639195025	0.00638419468047565	0.0035775430223852008	0.001984867514354179
0.38365688498932177	0.31490838644349856	0.24621819342651521	0.1824904379440661	0.12804828959981115	0.08528248691731788	0.05422687608621488	0.03316611576806235	0.019663688413002894	0.011380812070737979	0.006467832986916497	0.0036260081028946897	0.0020124203381154024
0.3831104191427153	0.3139638940626515	0.245008414410867	0.18120112613065428	0.126858181427433	0.08430778348152693	0.053503687282696534	0.03267041726277357	0.019344220680361925	0.011184319772061307	0.006351114594444726	0.0035584344408566824	0.001974028906315844
0.38309283611765815	0.31441771754841474	0.24581747476125027	0.18218543980637122	0.12783223758118048	0.08513932684953199	0.05413725487561849	0.03311246430207111	0.01963261273040574	0.01136322531495772	0.00645803571990788	0.003620607207499146	0.0020094635611621293
0.38215165438378185	0.31322862489251463	0.24450021337109265	0.1808917428243804	0.12669700222920974	0.08423982597176059	0.05348464124401712	0.032672022151011906	0.019351836094520226	0.0111918660007535	0.006356812239355302	0.0035622396593312437	0.0019763992024357537
0.38405429513550027	0.3154309589358686	0.24681090921352117	0.1830816978567478	0.128572879470533	0.08570151449986287	0.05453272042277646	0.03337344850544853	0.019796297256921922	0.011461940915708306	0.0065158422232400315	0.003653727515176633	0.0020281380603512
0.3822637325608022	0.3136220390596008	0.24509793613013692	0.181578994262554	0.1273583420978351	0.0847954214637524	0.053903757600860525	0.032962545772603914	0.019540543410897993	0.011308577487478452	0.006426415716381136	0.003602651912965974	0.0019994068613268723
0.38119907987611534	0.3130564263213838	0.24497365869379964	0.18176922211735155	0.1277080032548698	0.08517231698499853	0.054228261136825544	0.033206180527202284	0.019707183924628714	0.01141529426166293	0.0064916118943133365	0.003641153764102527	0.00202159396833526
0.3788543719722457	0.31063458599158345	0.24263728245414037	0.17968799454283177	0.12600475056486807	0.08388877620472644	0.05333012850316933	0.0326157217956632	0.019337869764687016	0.01119300175064103	0.006361622766932245	0.0035667513591356253	0.0019796735475070635
0.3794431680420333	0.3112075979673489	0.24316223124857228	0.1801356394898006	0.12635815932234656	0.08414750167394199	0.0535070806590864	0.03273001382871689	0.019408394219199508	0.01123501779999334	0.006386003837903559	0.0035806264432055946	0.0019874578201339813
0.3868069785481463	0.31727457023375916	0.24779945941134063	0.18339783643543733	0.12846813282984293	0.08541062535204351	0.054215968682771724	0.033108995402875936	0.01960454391703569	0.011334707463628925	0.006436312622599495	0.003606034859184537	0.002000362895205848
0.382055513077916	0.31322484763617814	0.2445716456210351	0.18100864086657012	0.12682669995229182	0.08435725098858946	0.053577247791945455	0.03273805878076369	0.01939554551092073	0.011219250595760104	0.006373291685665277	0.003571869138786868	0.00198190665955856
0.3831662183469824	0.31442848018305597	0.2457765537588998	0.18211239263616	0.12774892373762295	0.08506283213116088	0.05407640876531894	0.03306882734327641	0.019603614937389297	0.011345006718097513	0.006447050115394839	0.003614178653235061	0.0020057829727917016
0.3837342969223532	0.31485513129450887	0.2460617383382987	0.18227615844888118	0.12782480580510425	0.08508607981301239	0.05407452383975039	0.03305855932681873	0.019592953326078813	0.01133668504761038	0.006441356282570935	0.0036105687053927713	0.002003602864094351
0.38289372165715857	0.3135610619195233	0.2444799302716312	0.1806320146307887	0.12633034650744737	0.08387458780921056	0.05318203496184676	0.03244991820143906	0.019202132115560377	0.011096944942167352	0.0062992240310097486	0.003528398097402291	0.0019569665263880014
0.3811357610552136	0.3128494478906891	0.24466215178356962	0.18141172073618464	0.12736372865707843	0.08488257448227772	0.054009235001714825	0.0330540501580838	0.019608195825262083	0.011353984348498432	0.00645500694779473	0.0036198821303305502	0.0020094755021686822
0.3852535677157931	0.3161435083636917	0.2470825258753282	0.18302648722263945	0.12833620300039533	0.08541137150205333	0.05426991471746944	0.03317094943753239	0.01965569288789638	0.011371048829396614	0.006459972164885234	0.0036205963617394364	0.002008991211309328
0.38299978709991206	0.3138193893285904	0.24484544728836935	0.18103945039115807	0.12671549616428765	0.08419436992551593	0.05342126409527576	0.03261474282669765	0.019308713878944873	0.011162645503355625	0.0063383102926266475	0.0035510509639166384	0.001969846233835894
0.385456732131452	0.3159653710738395	0.24660516781670816	0.1823842889446221	0.12767206654397747	0.0848308607751765	0.05382139099837096	0.0328552544985483	0.019448552049063882	0.01124205382761444	0.006382676414446706	0.003575567661461559	0.0019832943223449325
0.3824449960218724	0.31376308584994433	0.2451975685295379	0.1816417357885311	0.127392939297642	0.08481171544565906	0.05390992673432963	0.03296399755693584	0.019540228069060823	0.011307837786976709	0.006425744070539774	0.003602166049229343	0.0019990908536006405
0.3833924124598004	0.314422643322534	0.2455822351303047	0.18180497513826363	0.12741119802521145	0.08475830147073776	0.05383669630344261	0.032898052938971044	0.019490636653942545	0.011274244121081791	0.0064044739105528535	0.0035893026236886658	0.0019915564424259928
0.3820985459785367	0.31355790919830057	0.24512002379107573	0.18165852913329336	0.1274619225079799	0.0848959096864107	0.053986056274199196	0.03302260676301493	0.019580904284167044	0.011334125844238338	0.006441900761604313	0.0036117463313895845	0.0020046271909587117
0.383442264485653	0.31452340038313586	0.2457181656901496	0.1819535316699818	0.12755030724571076	0.08487325757680161	0.05392249306761644	0.032957097417251724	0.019528796080994507	0.011297760914062253	0.006418462850312561	0.003597409700962429	0.001996165803222581
0.38414231171921076	0.3149715805640374	0.2459337689631374	0.18199117069141832	0.12748201588490138	0.08476421223695979	0.053815534889919504	0.032871599438712464	0.019468219374387568	0.011258119761249923	0.006393903599138443	0.0035827691657093906	0.001987674245974635
0.3802435008827537	0.31189991521928095	0.2437242150350311	0.18056068947382733	0.12665735164904174	0.08434454047639439	0.05362972616128804	0.03280305572670068	0.019450509684659154	0.011258760773769113	0.006399188676612858	0.0035878762196816156	0.0019914187829702143
0.38429685494673166	0.3154893830763455	0.246715418974684	0.18288804815714754	0.12834437201900767	0.08548839992617628	0.054361697126220784	0.03325011607629291	0.019714040182018992	0.011410131899432716	0.006484547692872545	0.0036353921011382105	0.002017631148146615
0.37918490934527116	0.31089408189252665	0.24282313741061737	0.17980762600314687	0.12607313783017585	0.08392310444065554	0.05334494835251165	0.03262088685479529	0.019338949220839806	0.01119268421782821	0.006361016326630012	0.0035662256698706205	0.0019793029299720144
0.38409641269379624	0.31509097776636136	0.24618021874962903	0.18230391642264954	0.1277975169195132	0.08503639692931246	0.05402422379688568	0.03301778250481737	0.019563837447881746	0.011317540738807398	0.006429458651026651	0.0036034611637291427	0.001999474413726226
