r0	r1	r2	r3	r4	r5	r6	r7	r8	r9	r10	r11	r12
0.4282083077383618	0.3533925998024814	0.2772923921999887	0.20576541811820143	0.14420430734966114	0.09574091755529503	0.06061469987615808	0.03689866405643527	0.0217777346958774	0.012553861748641844	0.007110518179356138	0.003975500268220848	0.002201684184172869
0.4283714924031039	0.3541252191874242	0.27845851691201196	0.2071378190525684	0.1455416066753205	0.09687051660713981	0.061467449209728534	0.03748858675983195	0.022159657337433365	0.012789224928830493	0.007250409918901103	0.004056486582862142	0.002247681851306139
0.4304823735626786	0.3552431117111114	0.27867046653275207	0.20669282085570304	0.14476501275524037	0.09604590590762527	0.06076486755506661	0.03696599685304909	0.021805212204914107	0.01256388513802414	0.007113574540955011	0.003976070371434289	0.002201517827639999
0.4303486333017526	0.35541172966720463	0.2790826854999109	0.20724102166012737	0.145329669924284	0.09653736060903052	0.061142480367810295	0.03723011360784454	0.02197742701112859	0.012670520216639643	0.007177161315620296	0.004012965633127075	0.002222506736689098
0.4289819735730061	0.3538939828015187	0.27753366516307815	0.20580323258315203	0.1441200349280658	0.09561046445401981	0.06048821864741031	0.03679844390854577	0.021707264162102263	0.012508045151808731	0.007082285697655022	0.003958742851234204	0.002191997870243272
0.43225457685395235	0.3573796943608052	0.2809798438633029	0.20892616062047825	0.14670068778444673	0.09756167817983015	0.0618519070140036	0.03769157550870067	0.022263187800827325	0.012841023153617325	0.007276141676669937	0.00406928845421635	0.0022540951836114453
0.4273309220729799	0.35219303724180917	0.27589893376083496	0.2043564212882854	0.14294733822660552	0.09473740702060011	0.05988539091501406	0.03640728367999456	0.021465495382672856	0.012363994167934437	0.006998747786255436	0.003911243024283504	0.0021653722918648405
0.42005677542697484	0.3462877099847527	0.27151000907505646	0.20140679869535943	0.14116485851134897	0.09376730833434253	0.0594068985768804	0.03619202471697624	0.021377147310637536	0.012331424018124653	0.006988576403862342	0.003909153848363252	0.0021657391007563376
0.4281477826709149	0.35372837873167073	0.27794037430307766	0.20657791501537906	0.14502035560579143	0.09644199894966965	0.06114945627876753	0.03727107704411397	0.0220199172206648	0.012703567217180169	0.00719968925947494	0.004027202095427786	0.002231081308702391
0.42078720794235136	0.34709017353845	0.27232244713776566	0.2021567644986875	0.14179375356454552	0.09424846856604108	0.0597464173678799	0.03641611288128731	0.021517488938685773	0.012415888993318027	0.007037934011106535	0.003937379745895815	0.0021816285854314543
0.42653554454182874	0.3516892337034064	0.2756709435030076	0.2043411591530832	0.14305649489006986	0.09489000717731166	0.06002898231595454	0.03651946168103866	0.02154374138254317	0.012414610945748408	0.007029835185854416	0.003929653523729752	0.0021759975119807875
0.42900732111900014	0.35413108028413237	0.2779335500632587	0.20628306363552093	0.14459148624641133	0.0960101728636102	0.06079043850268372	0.03700763394086946	0.021842710819582167	0.012591509068429872	0.007131887186770592	0.003987454311527038	0.002208303133727686
0.4284410165507507	0.35415218440724633	0.2784479005399152	0.20710150951304415	0.145494371736045	0.096824724519784	0.061430045821957345	0.03746140132938362	0.02214147316860518	0.012777766107354862	0.007243492375309582	0.0040524374874803945	0.0022453638860380504
0.4231073206412441	0.3493572736806839	0.2744039772218565	0.20393069977332437	0.1431890204938564	0.0952634046135088	0.060435017317844814	0.036857101412813634	0.021787406852721004	0.012575550642105485	0.007130028989765293	0.003989537428634328	0.0022107792999804207
0.4268891636859725	0.35232829956813977	0.2765089170820594	0.2052465956847238	0.1438978547317542	0.09557996359945208	0.06053970663074114	0.036868035713044124	0.021767284272131423	0.012551447304780715	0.00711077493866511	0.003976348822142219	0.0022024523752504793
0.42819427084852946	0.35324545211413716	0.27704285294300585	0.20546544685067752	0.14390931010478122	0.09549067024975574	0.06042540980886752	0.03676759939580372	0.021692850995605167	0.012501544722183146	0.007079421926884047	0.003957498221385129	0.0021914598499636596
0.43340935101781497	0.3579740366762543	0.28106391494931643	0.2086425239469759	0.14623514512810634	0.09707548060380414	0.06144083115246687	0.03738716927208011	0.02205732073153454	0.012710402961177106	0.007196936275409771	0.0040227882954791344	0.002227421094585643
0.4288944153064413	0.3539216947835556	0.27765633700243664	0.20598200361862865	0.14431087337414034	0.09577961471523018	0.060619568278159876	0.03689092724072411	0.021767832522081206	0.012545661861369831	0.007104763892268086	0.003971805010073579	0.0021994366363853875
0.431094968293673	0.35642970706001476	0.2802661477001904	0.20844044002553225	0.14640280416597665	0.09739663826293801	0.061768612065918806	0.03765288912698431	0.022246523972811523	0.01283436019662688	0.0072736995500968914	0.00406850345162034	0.0022539066991627463
0.4257081511677476	0.3508366082021322	0.2748513061906737	0.2036155268016379	0.1424681146556538	0.09445176162316604	0.059726229923742984	0.03632291517029142	0.02142220458063863	0.012342168543964768	0.006987811016633213	0.003905752406962249	0.002162597308813092
0.4305184419442687	0.3556864984631562	0.2794286427871729	0.2076075983631644	0.14566669636866336	0.09681200566163572	0.06134497337868151	0.03736794919694937	0.022065656859592355	0.012724455073576895	0.007209032540872259	0.004031339086345521	0.0022329103976313778
0.4285642163272439	0.3538222177128137	0.2777569143173302	0.2062146310738036	0.14459360539124008	0.09604575295912632	0.0608333271546158	0.0370446152851781	0.021869874850532888	0.012609630346258852	0.007143237714129073	0.0039942650789374185	0.0022122694079166534
0.431924837951777	0.3571455179511795	0.28084102865612015	0.20886667921764435	0.14669422978403224	0.09758166228518461	0.061879129805949125	0.037715971309457474	0.0222814428070436	0.012853330755507207	0.0072839017676996085	0.004073965047286458	0.0022568266439189446
0.42746271486702775	0.35324014047246177	0.27764832523390764	0.20644925372354878	0.14500142086635875	0.09647853679873528	0.06120211000350026	0.03731901044769456	0.02205605044511576	0.012728031900174585	0.007215156273399374	0.004036540231581314	0.002236542356888669
0.43252909011573776	0.3569110757014126	0.2799145122164018	0.20753151008978507	0.14527327545296884	0.09632334361138527	0.06090224005140736	0.0370281670114759	0.02183099174191554	0.012573574852970185	0.007116734675123756	0.003976826421160084	0.002201508852536114
0.4265748328224288	0.3523296117984149	0.27677535917619317	0.2056769788416493	0.14437479755379426	0.09601112056156297	0.06087864676789968	0.03710867287031626	0.021925803984262617	0.012650311811690138	0.007170032185771676	0.004010859739954925	0.0022221377863494243
0.4341401345517976	0.3587865374523581	0.2818942131591207	0.2094141016822429	0.14688487005635922	0.09757362176580245	0.061792543304558016	0.037619232141226235	0.022202545408383057	0.012797727360748402	0.007247919953245819	0.004051921654772778	0.0022438109999109055
0.4292452701672893	0.35445413179079893	0.2783078511070448	0.20666134717367177	0.1449291282836478	0.09627998537893608	0.06098672570803452	0.03714000522220547	0.021926886507396985	0.012642724394783365	0.007162049419334546	0.004004800224988088	0.0022181076280720874
0.4289284682963449	0.35399100650116194	0.2777508766235642	0.20608613489983987	0.14440869915441787	0.09586037666412865	0.06067960679687642	0.03693201868638966	0.021794233672686562	0.012561842920692507	0.007114343314647262	0.003977334801020597	0.0022025708045978355
0.43260127738292076	0.3573573754960868	0.28064744245835443	0.20840301934509897	0.14612568568623555	0.09704398582845104	0.061446001546682325	0.03740395104459236	0.0220740011883051	0.01272317333252892	0.007205571198988024	0.004028218644257418	0.0022306815329073536
0.4253161326115607	0.35100820036452435	0.2754838126882635	0.20451665319489817	0.14342187584230526	0.0952936591466969	0.06037860126115993	0.03678174824823658	0.021722535667551963	0.012528645284138227	0.007099230121293128	0.0039704964055075455	0.0021994684311192783
0.42651631163887094	0.35217287816911996	0.27654583182548914	0.20541570563565179	0.1441245609679318	0.09580186060462378	0.06072165378237713	0.03700050157210274	0.02185595849492997	0.012607346269740041	0.007144526584186812	0.003996106791069901	0.002213763711190653
0.432262049246888	0.3569269669117219	0.28016734225338513	0.20792915390982672	0.14570935791499562	0.09671495852470564	0.061208547191565786	0.037244761092241424	0.021973214723166334	0.012662051449415778	0.0071696620257744184	0.004007604925451239	0.0022190455050896023
0.43066940922148983	0.35524554717113516	0.27851781424066224	0.20644449941683776	0.14448977877295743	0.09579751996131343	0.06057005767635284	0.03682800963273958	0.0217145018565511	0.012507409360937537	0.007079770919264921	0.003956404545645841	0.002190309404120731
0.42624894166823174	0.35205109647997174	0.276554037184155	0.20551482106924862	0.1442653622889452	0.09594260168202912	0.0608383082057445	0.037085981866536805	0.02191342026454753	0.012643672384267038	0.007166503603130267	0.0040089899912241905	0.0022211466631072265
0.42633813018733124	0.35139926598940224	0.2753219759403288	0.20398110005998862	0.1427312382396529	0.0946282008652279	0.059837650643470505	0.03639004742875419	0.021461279156460542	0.012364366705617556	0.007000214620592548	0.00391260645809772	0.0021663566910105365
0.42545425207870885	0.35080808101693095	0.27501296503761136	0.2038962788036255	0.14278547287102722	0.09474083619706396	0.05995418983681172	0.03648496695272608	0.021529007437629543	0.012408788086426278	0.007027741624941302	0.0039290067424865086	0.0021758611835796986
0.43415174207614127	0.35890201538610267	0.2820902085383277	0.20965026266156864	0.1471176560386934	0.0977714679297965	0.061942399363237054	0.03772308433564522	0.022269840685849335	0.01283921617743995	0.007272583807608333	0.004066200854569203	0.002251921116018729
0.4322439477356361	0.3569329105242798	0.2801931543271867	0.20796673933023144	0.1457494924962506	0.09675054518364139	0.06123618773052034	0.03726422458146137	0.021985961421397672	0.012669967395397374	0.007174391840242351	0.004010353185818057	0.0022206104826855907
0.42824831188827844	0.35406982095777534	0.27846375897461006	0.20718554534766523	0.14560880049476888	0.09693756307654758	0.06152301408542041	0.037529315617634014	0.022187046845903828	0.012806545973464756	0.0072608918898352725	0.004062632517788134	0.0022512044308063287
0.4321032460992237	0.35707498107505425	0.2805646412260976	0.2084682231362733	0.14626959307788293	0.09720502616608515	0.06158627920338108	0.03750950472973846	0.02214607619777546	0.012769187333199926	0.007233588717856518	0.0040447141200136115	0.002240162804809272
0.42653761831598314	0.3519195174658791	0.27607781767764356	0.2048368070847054	0.14354696795836225	0.09530752558395392	0.06034548369480897	0.036738927500360494	0.021686024263440608	0.012502370722923347	0.007082026550184724	0.0039598800628700345	0.0021931699424112897
0.4311577156376769	0.35649350400622926	0.2803268642759108	0.2084938193975189	0.146445888464637	0.09742863356607605	0.0617906714667129	0.03766718981719176	0.022255357470649804	0.01283962096830549	0.00727674928400349	0.004070237047472588	0.002254878233631387
0.4289253368497567	0.35390664954605483	0.27760366622988497	0.20590744278056552	0.1442321408837771	0.09571020776576	0.06056583864969783	0.03685316837938666	0.021743134446628683	0.012530335589301913	0.007095610795726531	0.003966488252761731	0.002196409662869762
0.42624390803613565	0.3521196181180493	0.2766801754833542	0.20567088419766635	0.1444212689531459	0.09607624524866261	0.060940165365596204	0.037156908065512494	0.02195955139377368	0.012672195614892738	0.007183497656125577	0.004018845464633403	0.0022267514300370367
0.43509345204518834	0.3593248787643027	0.2820484631253434	0.2092840320647572	0.14660441678563346	0.09726148402827527	0.061521440822566886	0.03741564464529589	0.02206373569228168	0.012709207730058215	0.007194066666568795	0.004020235373286976	0.0022256070149000904
0.43433260618538516	0.3587798647055282	0.28171989303683853	0.2091363842314709	0.14657861351546078	0.097297641618407	0.06157616130589823	0.037465961868714676	0.022101778907795328	0.012734985610351265	0.007210363859555516	0.004030072140715385	0.002231357834782298
0.429604119347361	0.35470171679483187	0.2784463063905283	0.20671107505092473	0.14492169367078575	0.09624624125233215	0.060948218122093424	0.03710741918843839	0.02190316902510422	0.012626984702656621	0.007152222604785575	0.003998916303195616	0.0022146860646219753
0.42466357151425715	0.3501462653486352	0.2745007212217329	0.2035329447896065	0.14254959313097904	0.09459963201797027	0.05987513597011231	0.036442848853219356	0.021507282322725696	0.012397777173795851	0.0070221956647357215	0.003926208998169628	0.0021744409766871094
0.42472551449979973	0.35015874539383696	0.274471057610162	0.2034763293707911	0.14248386779902872	0.09453900972060288	0.059826983681733954	0.03640846000165023	0.021484546892063874	0.012383564735861559	0.007013663770443677	0.00392123475986113	0.0021716014728290563
0.4277011017924769	0.3526966051782246	0.27648209166508586	0.20494474869241153	0.14347124057873586	0.09515505442162435	0.0601885609403147	0.036611358551816624	0.021595079019434832	0.012442749598484092	0.007045090681625545	0.0039378778872090694	0.0021804204409400308
0.4280981718549169	0.35331531852880027	0.2772475568707811	0.2057472417800639	0.1442036483099264	0.09574872793596935	0.06062456148408977	0.03690729366924074	0.02178411764523038	0.012558136427949824	0.007113202083545314	0.003977113218468103	0.0022026244759006473
0.42779283595225853	0.35318409561672753	0.2772708190200458	0.20587718609126043	0.1443807283202463	0.09592300336360346	0.06076780188810757	0.03701169793173194	0.02185404630573117	0.012602230747282651	0.007139829783353353	0.003992701922989844	0.0022115492084987666
0.42377676380439705	0.34943092976074386	0.2739738692345992	0.20318346090989367	0.14234240922774477	0.0944900829165438	0.059823482579267284	0.03642128242974609	0.021499566891397967	0.01239570257653969	0.007022088641334183	0.003926612844480768	0.0021748608447717554
0.4249530768381264	0.3504866717521485	0.27486225262330777	0.20387816594269137	0.14284607115473288	0.0948302861369666	0.0600398014866384	0.03655242082096933	0.021576299052597628	0.01243948366097305	0.007046637534241177	0.003940215421266709	0.0021823375384405898
0.4324021808311398	0.3570954053455505	0.28034899082966347	0.20810448098901835	0.1458610494264205	0.09683355401427934	0.0612934788058323	0.037301384293377635	0.02200892022167221	0.01268364183387051	0.007182319408989461	0.004014859622337386	0.002223135978621159
0.43168386589007207	0.35657072733716144	0.2800204578147401	0.20794243719858121	0.14581412716817313	0.09684847625929605	0.061330629336113725	0.03733888621766808	0.02203839470223332	0.012704030194261915	0.007195370265384645	0.004022800172611282	0.0022278032218638897
0.4306706494251845	0.35595350725992053	0.27977579333984487	0.2079817656066062	0.14601431875834545	0.09709726165214012	0.06155630775004529	0.037512297537076376	0.022158283774675616	0.012781178926089189	0.007242595240297399	0.004050705875378922	0.0022438840420329464
0.42913832672418856	0.35446771269331967	0.27842201075311446	0.20683664434923563	0.14512010612194742	0.09645117384678954	0.06112062176283348	0.0372347507648422	0.021989155024241935	0.012681494750059242	0.007185259266241895	0.004018305391457013	0.0022258060775905827
0.4303750283956336	0.35516948833668566	0.2786298219018088	0.20667885568283745	0.1447680858968227	0.09605666849071172	0.060776850188894456	0.036976037985516144	0.021812481467071557	0.01256869308362257	0.00711656957162628	0.003977860897655771	0.002202557895927818
0.4265393043903955	0.3519861387004239	0.2761947037250518	0.20497896613298866	0.14368761428371504	0.09542728954583601	0.06043631532783662	0.03680194239641686	0.021726895505664614	0.012527588963711122	0.0070970281794064775	0.0039685700696379285	0.002198107731412307
0.42981647525277605	0.3548592206388587	0.2785477797707802	0.20676439308055783	0.14494100785328604	0.09624651296904772	0.060940808454256236	0.03709881843096421	0.021896069282390476	0.012621952854920094	0.007148956222110555	0.003996911398805787	0.0022135007834877623
0.4362360941652052	0.36087901452248367	0.28385268023413546	0.21111033506219692	0.14823611461076858	0.09856587722653785	0.06247028279758561	0.03805526592248253	0.022470259643528483	0.012956415675945911	0.00733958223282313	0.0041038840152921195	0.0022728717303329383
0.42789884483882357	0.35289171254467044	0.27666262824835886	0.20509946877794136	0.14359336082577548	0.09524405004739521	0.06024898489572147	0.03665005784975554	0.021618760567936105	0.012456753133669675	0.007053165477920407	0.003942449720206027	0.002182975026404293
0.4265020475561113	0.35139245467605235	0.2751730064110205	0.20374573786553885	0.14247313949382565	0.09439659348589467	0.05965661599437983	0.0362620899336934	0.021377276036199603	0.01231211233175583	0.006968955401197271	0.0038944276395964698	0.002155998347034143
0.42615831031725143	0.3516519432906626	0.2759207536857718	0.2047708405236413	0.14354127121874277	0.09533145981527098	0.06037718392633347	0.036767077174036884	0.0217069913640293	0.012516468679383289	0.007090900384209754	0.0039652218991137874	0.0021962876149114086
0.43158273517133044	0.35604827829825353	0.27917672433504603	0.2069454112057174	0.14484201244907657	0.09602810096203376	0.06071227542197279	0.036911832615682025	0.021762343326769983	0.012534134738314518	0.007094497493384031	0.003964451296648	0.002194684021887732
0.42783848071993585	0.3529319435310462	0.276784602715409	0.20526823779985712	0.14376990485002547	0.09539889208556272	0.06036847839482175	0.03673386233576096	0.021673502274410002	0.012490691013489695	0.007073420506057898	0.00395420985070571	0.0021896682013058176
0.42940027819474136	0.35432416390088806	0.2779466050909137	0.2061684437481928	0.14441594650077672	0.09583073368189145	0.060640302077808496	0.03689712534818913	0.02176825643807899	0.0125443849766807	0.007103359388632066	0.003970725119774834	0.002198714273272434
0.4311519676676478	0.3559478357736597	0.2793601884848735	0.20731255291318285	0.145273518874748	0.09642816181698485	0.061030785325143874	0.037139523337022085	0.02191292019875577	0.012628261269845602	0.00715099382285238	0.003997383209169292	0.002213479437614386
0.42744773628944377	0.3531426445643374	0.27748738174856824	0.2062571655768625	0.14481280488894313	0.09631842236799529	0.06108081407328863	0.037234884593632056	0.02200148339024368	0.012694357340635875	0.007195120523195002	0.004024932227277427	0.002229945656973468
0.4287881012758367	0.35379778475700463	0.2775254833582866	0.20585754413438687	0.14420430270107568	0.09569690251029948	0.06056063715963812	0.0368517786672694	0.021743207703688944	0.012530797699586912	0.007096060451855476	0.003966820885217831	0.00219662813782897
0.42830987586696573	0.35393782063164625	0.27817667267469004	0.20681309062214293	0.14522837112906392	0.09660733592934537	0.06126935596729357	0.03735178083309946	0.02207117781051799	0.012734733257794091	0.007218035262524193	0.0040377493531720205	0.0022370417035542977
0.4296826120249735	0.3551171302652998	0.2791194936105951	0.20750862690659672	0.14570134539610158	0.09690591181447505	0.06144665601189575	0.0374523916953961	0.0221265586154895	0.012764664598546041	0.007234058020864314	0.004046293022510842	0.0022415944429853476
0.43145821012338	0.3562680324309684	0.2796719360440173	0.2075915376486771	0.14550173468133223	0.0965993246838925	0.06114965189226399	0.03721699128472419	0.021960958459309343	0.012656952653631755	0.007167661989975135	0.004006873044632737	0.0022188039111318944
0.42569108346250795	0.3514057389356539	0.2758754277617749	0.20487063117353144	0.14371393722593864	0.09551432811282813	0.060532806205912594	0.03688276545438118	0.021785437074620297	0.012566336686281493	0.00712118219068859	0.0039830186798890735	0.002206504551472681
0.4273463136674092	0.3533680499902122	0.2779743866525623	0.20688793930968907	0.1454566759710069	0.09687720562905551	0.06151002733506431	0.03753531420505097	0.022197582955968832	0.012815909229752348	0.007267668312284018	0.00406705821586444	0.0022539241606194713
0.4308836872653843	0.3562113681313089	0.2800554310294216	0.2082530213419263	0.14625009788297244	0.09728238161963298	0.061689374102767446	0.03760128829766718	0.022214540479492572	0.012815262946259781	0.0072626070395949965	0.0040621888259732356	0.0022503640536014756
0.43394347276273676	0.35894887385740065	0.28234999472805294	0.21003876021635853	0.147537412008874	0.09814636016088144	0.06223504374213151	0.03792989752058943	0.0224056374840798	0.012923708493898994	0.00732313766190585	0.004095604385597176	0.002268676813083658
0.42590704606822527	0.3511024297277598	0.2751561861989062	0.20392133037107488	0.14273944659585341	0.09466757175481245	0.059882663796270656	0.03642812371250391	0.02148897350885964	0.012382734061773029	0.00701167629885932	0.003919466725074993	0.002170344921108267
0.43205567894804553	0.35708665039642834	0.28062557528677784	0.20855877044505633	0.14636714326930236	0.09729199851305564	0.06165409400251864	0.03755739433266387	0.02217750612654363	0.012788736837288277	0.007245283314843461	0.004051515131765687	0.0022440380491809235
0.4271612846397915	0.3522148575911828	0.2760794893305769	0.20463239866286734	0.14324671832061434	0.09500471522405028	0.06009376289934879	0.036554323882043466	0.021561925675269416	0.012423937045394875	0.007034589048341589	0.003932079417552263	0.0021772420256701234
0.4308487356427335	0.3558236027089457	0.2793944084220754	0.20745543449559703	0.14546321286876202	0.09661303538928204	0.06118194568652685	0.03724933774307793	0.021986306045243438	0.012674460529685176	0.007178859649196602	0.004013682563797432	0.002222805044344805
0.4230158357746171	0.3488360251620469	0.2735552150128279	0.2029242635644587	0.14220488587964247	0.0944303727419739	0.05980518695347679	0.03642085128472161	0.02150468213378296	0.012401170863968573	0.007026312517290555	0.003929461167127155	0.002176643507802118
0.42562069042309714	0.35079967440416304	0.27485892472458606	0.2036536312250355	0.14251942477641075	0.09450195127733765	0.05976731278693978	0.03635277130293665	0.021442159080743185	0.012354731563542417	0.006995389065297597	0.00391018524042853	0.002165133674275136
0.43022709802164544	0.354984513610077	0.2784254481511751	0.2064784937937382	0.14459292558368803	0.09591874790542351	0.060677584983376796	0.03690962163860139	0.021770491526904894	0.012543254104761698	0.007101634935638339	0.003969292065706588	0.002197722749699741
0.4333864602149808	0.35783283296489915	0.28083196812029193	0.20836662602878442	0.14596520906636304	0.09684721725789686	0.06126856669838795	0.03726810857327221	0.021980323288941856	0.012663001598763973	0.007168787561070625	0.004006504181244689	0.002218177492917288
0.43064570277180825	0.355638890742906	0.279236728580304	0.20733032807928958	0.14537123335928526	0.09655010160618312	0.061141470421057505	0.03722456028579319	0.02197169042760393	0.01266606649662884	0.007174128444823599	0.0040110503613989615	0.002221353736785104
0.4243881856220104	0.3501996551081174	0.2748260140499179	0.20402105683632635	0.14307649469755152	0.09506957517161832	0.0602416008947279	0.03670168031640645	0.021677195250693414	0.012503494652882675	0.007085455102989777	0.003963007563910579	0.0021954137718488737
0.4241659067467641	0.34970677131284233	0.2741375985846066	0.2032545835150926	0.1423519227833358	0.0944688394200727	0.059793584188685196	0.03639428189177741	0.021479302566409328	0.012382020298358125	0.007013454534967891	0.003921406720792908	0.0021718189782677826
0.4247720895053445	0.35042480979791707	0.2749040298529085	0.20398906176066153	0.1429843693066865	0.09496185553044668	0.06014608804516079	0.036629117243684915	0.021627349177261758	0.01247154297957199	0.007065944573448062	0.0039514971205569845	0.0021887879655336506
0.426916131141128	0.3519688874742475	0.2758484324903281	0.20443177005220695	0.14308660176735627	0.09488696460579163	0.06001322985496593	0.03650244772260983	0.021530038559570787	0.012405016658537386	0.007023650688167012	0.003925874153163344	0.002173769657719576
0.4295693511193124	0.3546244539645117	0.2783381756204026	0.2065904975104175	0.14480759717858901	0.0961516048471593	0.06087764004751279	0.037059005961199994	0.021872014181784846	0.012607868455034277	0.007140896282755578	0.003992374260539508	0.002210976597878011
0.4289819735730061	0.3538939828015187	0.27753366516307815	0.20580323258315203	0.1441200349280658	0.09561046445401981	0.06048821864741031	0.03679844390854577	0.021707264162102263	0.012508045151808731	0.007082285697655022	0.003958742851234204	0.002191997870243272
0.42951134926742707	0.35418152792269525	0.27760027264973575	0.2057091694503956	0.1439439277750234	0.09542067198184892	0.06032571264386539	0.03667735862656626	0.021625094392586867	0.012455801880765819	0.007050564626237093	0.0039401034834247745	0.002181299162935151
0.4267389142979637	0.3523103857904823	0.2766032455897143	0.20541181806601502	0.1440854965102996	0.09575150623758023	0.06067538235690409	0.03696471077790916	0.02183111483215294	0.012591316759143134	0.007134696287908899	0.003990290305719015	0.0022104087325667387
0.42768186108821277	0.35284205272871055	0.2767563304678756	0.20528564451495684	0.14381175331022525	0.09544639023402536	0.060410062022848654	0.03676522648532816	0.02169494678781181	0.012504392926785466	0.00708176819360313	0.003959126580912611	0.0021924950716586036
0.42719225889744633	0.35269872105307787	0.276912656661419	0.20563921972850768	0.14423952148854646	0.0958483513929132	0.060732669424054926	0.03699710152399782	0.02184888543775488	0.012600893068996744	0.007139809728999493	0.003993011130902373	0.0022118560922050274
0.43509345204518834	0.3593248787643027	0.2820484631253434	0.2092840320647572	0.14660441678563346	0.09726148402827527	0.061521440822566886	0.03741564464529589	0.02206373569228168	0.012709207730058215	0.007194066666568795	0.004020235373286976	0.0022256070149000904
0.431431770294413	0.3565947312170606	0.280275813208503	0.20833934877722313	0.14624848834668486	0.09723870271735496	0.06163622022320343	0.03755526919999634	0.022180657020806106	0.01279262382775914	0.007248411650053656	0.004053664748786971	0.0022453974502474167
0.4270341788865542	0.3522069784678235	0.27617193004978147	0.20478715602504644	0.14341979524477866	0.09516160781333753	0.06021715792409366	0.036641898836727776	0.0216195803182533	0.01245987244109116	0.0070561163867516015	0.003944611318039541	0.002184387946433426
0.4251811587673531	0.3511013026787001	0.2757625708311044	0.2049022953715379	0.14382602413061243	0.09564902213556996	0.060653562702299275	0.036975055518812916	0.021849066827552752	0.012607221736507317	0.007146188412067961	0.003997788103176409	0.0022150131488903836
0.4286242299768631	0.3537865978309815	0.2776431791210318	0.20605568954362818	0.14442649140381322	0.09589867559900021	0.060719536883334084	0.03696465827469894	0.021817571869539434	0.012577170156099464	0.007123849573020765	0.003983001867829006	0.0022058563874990966
0.43085996989946795	0.35547337260726	0.27876243820582186	0.2066797292703629	0.14469264324366912	0.09595569559681373	0.060683087746417244	0.03690323822633037	0.021761878883666458	0.01253603014808052	0.007096538251149077	0.003966010048953022	0.00219572336641109
0.42609477845156923	0.3511987071443307	0.2751699154677409	0.2038761273858152	0.1426654318900513	0.09459051649212823	0.059817685116265375	0.03638010074064101	0.021456541107774563	0.012362175645394761	0.006999218080086452	0.003912155857919549	0.002166152371071493
0.4281399107707999	0.3532460225387503	0.27708945303163013	0.20554034231630128	0.14399203789375	0.09556524395716995	0.060483886248509644	0.036809027127150645	0.02172009388250779	0.012518511963736871	0.007089580914205987	0.003963409957271001	0.002194829928172737
0.42964439509362967	0.354718832728393	0.27844287130503853	0.20669346602882294	0.1448978594590705	0.09622284404085016	0.060929014647455086	0.03709343553255268	0.021893809427228465	0.012621085973347301	0.007148661882459485	0.003996832364585922	0.00221349325086106
0.43216709088530353	0.3572585733667038	0.28083785755901464	0.20878149598424203	0.14657078782325073	0.09745740354954541	0.06177579128472212	0.03764011766700053	0.022230406864158215	0.012821052585302098	0.007264369684540161	0.004062514131906287	0.0022502643300840778
0.43029853952509833	0.3549176844068648	0.27824685489053574	0.2062369234622585	0.14434259466194266	0.09570033706695219	0.06050960708655805	0.03679209533098417	0.021693856793630527	0.012495805041916996	0.007073343476252018	0.003952877792203366	0.0021883857097942635
0.4295839438792953	0.3549657558979255	0.27893310948586797	0.20731336662464805	0.14552293940005306	0.09676103407885639	0.06134004913251856	0.037379906062066426	0.02208018962001419	0.012736329931277865	0.007217318292973904	0.004036644104917383	0.0022361314060815106
0.42809453364394884	0.3529227105084547	0.27655379119229845	0.2049021185794808	0.14336752153239962	0.09503722195417845	0.06008543398536722	0.036533620805513686	0.021541958151184003	0.012408824815774244	0.007024430622426354	0.003925712946393135	0.002173427825160879
0.42330931269916033	0.3489021027289267	0.27342712061450797	0.20267125612156978	0.14190851792663547	0.09415584901513978	0.05958657209552366	0.03626445115349337	0.021401152407232057	0.012336392738862166	0.006987399086914754	0.003906762590626877	0.0021636813927932773
0.42332682904725755	0.34900315241440083	0.273591566910154	0.20286589333656097	0.14209840032617574	0.09431618831611585	0.05970752661432951	0.03634806724606464	0.02145525645409114	0.012369721687147936	0.007007203376219937	0.003918225698028855	0.002170191325901482
0.4282826238191433	0.35353824403238426	0.2774887746444914	0.20598062120310637	0.14440596417872517	0.09590718379686754	0.06073822367687884	0.036983181260797166	0.02183203037828618	0.012587137998351575	0.00713021824579695	0.003986872456448054	0.0022081298235410184
0.4253631218742674	0.35105199090832295	0.27552217750688895	0.20454792220314683	0.1434454862554279	0.09531022685019538	0.06038950309346706	0.036788555900310035	0.021726618800369774	0.012531022310030183	0.007100584406135637	0.003971256207292992	0.0021998900668377275
0.42799410423148954	0.35296618301738225	0.27671496786192795	0.20513177365532873	0.1436104000437695	0.09525136113436619	0.06025115044597121	0.03665002881508893	0.02161806987417811	0.012456039832130249	0.007052620879092304	0.003942084612294168	0.00218274730324595
0.42948822449616453	0.3547871897128124	0.27869588906895887	0.20705496832880668	0.14528141154346544	0.09656207716000353	0.06119226960637603	0.037278785228000814	0.02201521710904284	0.012696503764406985	0.007193737387825258	0.00402303021047168	0.0022284145848536336
0.4325223662246534	0.35710353387107735	0.2802622628535756	0.2079584090100925	0.14569719711059115	0.09668475225704366	0.061176320407808786	0.03721818707653246	0.021954133063671638	0.012649490860994605	0.007161861269826345	0.004002950769056948	0.002216345769622122
0.4356720568867133	0.36075830609068066	0.28411578178901903	0.21162399396548098	0.14883877833464845	0.09912577139831943	0.06291728059004392	0.038375628579466387	0.022682567028685777	0.013089344403471762	0.007419464147621336	0.004150488472254097	0.002299487600041212
0.43279484555157616	0.35730172597212617	0.2803854032251227	0.20801810363496842	0.14571330488799636	0.09667772299231167	0.06116124817056716	0.03720332002197014	0.02194255825362745	0.012641524808946746	0.007156777873262358	0.00399986411855159	0.002214534007619136
0.4313364423038631	0.35617219268514394	0.2796039572183685	0.20754902559676075	0.14547883887621665	0.09658909979674013	0.061146262203080184	0.037216622555910635	0.021961590829434018	0.012657715766770538	0.007168272286973167	0.004007291126578833	0.0022190678323181
0.4296795502426282	0.3548319627363245	0.27861448228175517	0.20689155229332495	0.1450888279853642	0.09638304591050856	0.06104937216636689	0.03717640664355538	0.02194738738992884	0.012654040842884792	0.00716822145497934	0.004008144005639386	0.0022199129624824137
0.42944263510042263	0.354120188737886	0.27754901273150195	0.2056694156561679	0.14391537138862104	0.0954015673203669	0.060313677261122974	0.03667012413275124	0.021620892463853174	0.012453419141060707	0.007049235245878069	0.003939369781222872	0.002180897118917486
0.4335642108021794	0.35813206242334095	0.2812146435301134	0.208775143614169	0.1463421490352721	0.09715485685672025	0.06149547960905908	0.03742254540433847	0.022079144022538844	0.012723385684367223	0.007204456026521031	0.004027059984577061	0.00222981380434051
0.43143757107404657	0.3565319333348253	0.280159045633086	0.20819438967001602	0.14610348411461896	0.09711437623015683	0.0615414997607491	0.0374893562761101	0.02213781847299472	0.01276615511938064	0.007232651338335288	0.004044529375503537	0.0022402042831425354
0.4271716950769629	0.35285694924675326	0.27721134991362123	0.20601143326871954	0.14461242329856724	0.09616837450893795	0.06097667139384277	0.037167013408100184	0.02195938574244185	0.012669205780277124	0.007180504088992658	0.004016608190721076	0.002225274212198996
0.4266049132925678	0.352145444953179	0.2764226482398332	0.20523564423025328	0.14393184262719053	0.09563060507190178	0.060588347964157845	0.036906440735790365	0.021794247183914973	0.012568964841125673	0.007121565790537048	0.003982752774589401	0.0022061538174172443
0.42217806423338616	0.34845761068804953	0.27358505329709204	0.20323817777234987	0.14264797362532575	0.09487205944533483	0.060170732295678486	0.03668847953132846	0.021684500614992996	0.012514818411974743	0.007095059089763274	0.0039697586390734846	0.0021997360698770905
0.42929296788361787	0.35451489459742297	0.2783757943519294	0.20672853289864937	0.1449882559391501	0.09632679038808276	0.06102055591394805	0.03716271621943859	0.021941282185661062	0.012651463049461686	0.007167187320110154	0.00400775140159098	0.0022197742666754433
0.4289575235046083	0.3542587039991356	0.2782023441070508	0.20662823361523158	0.14494183239983954	0.09631283187446489	0.0610220279015967	0.037169225647742936	0.021947921205808334	0.012656595597354036	0.007170675599339462	0.004009951932392514	0.002221098165028522
0.4271302260226071	0.3528536164543337	0.277240322163928	0.20606073600225172	0.14466800594067591	0.09621905926511305	0.06101672454494128	0.037195547676063964	0.021978226911444493	0.012680975874539363	0.0071875670798859075	0.004020725061788823	0.0022276239384379573
0.42679671175968803	0.35213970048319987	0.27625151795364894	0.20496294379028607	0.14363121512901242	0.09535967142214385	0.06037581229682349	0.03675577878354667	0.021695111168692324	0.012507188124172397	0.007084560994236315	0.00396121125840792	0.0021938703807398634
0.4308656913215453	0.3562797254760158	0.28019249502648197	0.20842709762825795	0.14642619274518068	0.09743439426490225	0.06180571702545239	0.03768250839677511	0.022267450136917867	0.012848009524575389	0.007282129441130331	0.004073515077605447	0.0022568069144750205
0.42413465064495603	0.34978711921761396	0.2743062152217538	0.20347053138470922	0.14257064402756986	0.09465749408577229	0.05993778725192144	0.036494834433317754	0.02154474734599553	0.012422499222830714	0.007037576201596974	0.003935397239969682	0.0021797758469487226
0.43203631623381583	0.3567401583889151	0.28002508840136725	0.20783052229344534	0.1456472685119195	0.09667926308408913	0.06118956399091919	0.037235267395304396	0.021968673501754802	0.012659941351929743	0.007168696951544029	0.004007165729173405	0.002218844895861536
0.4291952636993598	0.3545200330004334	0.2784671713866158	0.2068728982612882	0.14514707733342172	0.09646983826287334	0.061132750409925676	0.03724224284957548	0.021993608125167298	0.012684068141585085	0.007186716891787126	0.004019119461736661	0.0022262562552881403
0.42829055580845315	0.35338846952011665	0.2772160335688564	0.20564488152398513	0.14407190579342402	0.09562185614622563	0.06052145215027161	0.03683264588526112	0.021734337425515976	0.012526839445715613	0.007094341115943925	0.003966087360335983	0.0021963185452824863
0.43486950426387283	0.35938467535942076	0.2823439130081713	0.20972034756640698	0.14707285343792498	0.09767795619764359	0.06184538210837089	0.037643926495257475	0.022213296954860882	0.01280210594749527	0.007249578467107188	0.00405249149300873	0.002243975112101089
0.42736330588758575	0.3528094019757973	0.27696568652935794	0.20564713085084665	0.14422033666692938	0.09581892595105242	0.06070417433412287	0.03697451775517334	0.021832996465201215	0.012590556663097203	0.007133437049402591	0.003989227017928875	0.0022096680307198673
0.42825131128085897	0.35368355335403184	0.27777346303415845	0.20633910400173483	0.14476667558779016	0.09621736521724229	0.06097493694921151	0.03714807954397533	0.021939282956390325	0.012653443210201608	0.00716971510740299	0.004009773914453128	0.0022211517321783876
0.42951134926742707	0.35418152792269525	0.27760027264973575	0.2057091694503956	0.1439439277750234	0.09542067198184892	0.06032571264386539	0.03667735862656626	0.021625094392586867	0.012455801880765819	0.007050564626237093	0.0039401034834247745	0.002181299162935151
0.4294019375247519	0.3542427927062333	0.27780071391172206	0.20598984380244603	0.14423881548649553	0.0956797967304512	0.06052584200830364	0.03681775555811404	0.021716806939217747	0.012512657220295775	0.007084494400868395	0.003959801423811276	0.0021925091697290937
0.43241626896051505	0.35749833402368253	0.28105470034300967	0.20896364972991407	0.1467121399489578	0.09755897156411929	0.06184396106693247	0.0376833743497225	0.022256682656166475	0.012836500557875694	0.007273237592781974	0.004067517839904429	0.0022530529786194955
0.4314298039675168	0.35626894524853064	0.2796974704067349	0.207632222153532	0.1455465837484516	0.09663972928527016	0.061181327955598185	0.03723942916967883	0.021975711687835364	0.012666139948345034	0.0071731621088670545	0.00401007332484222	0.0022206281088576526
0.42263208115572676	0.34864238149929294	0.2735327613338099	0.20302378823253017	0.14236374223390297	0.09459487425705612	0.05994375889830266	0.03652329629766318	0.021573920352865848	0.012445095417774188	0.007052949725944749	0.003945102096331243	0.002185617357480585
0.4285642163272439	0.3538222177128137	0.2777569143173302	0.2062146310738036	0.14459360539124008	0.09604575295912632	0.0608333271546158	0.0370446152851781	0.021869874850532888	0.012609630346258852	0.007143237714129073	0.0039942650789374185	0.0022122694079166534
0.42803321295088526	0.35277612483290693	0.2763452309162057	0.2046683186552434	0.14314601246436973	0.09485356928320501	0.059948607828864305	0.036439868224786454	0.02148168593857607	0.01237187204884054	0.007002549750188819	0.003913080519972815	0.0021662674686529996
0.4245864267623089	0.3505343340942467	0.27525424186135583	0.20447853789916262	0.14349924449249446	0.0954153517667033	0.06049728766106185	0.03687614352318545	0.02178909024887133	0.01257200389672122	0.007125988923271159	0.0039863973975501005	0.0022086676089531436
0.4330723601328193	0.3580722656855978	0.2815233728609308	0.20931788606259832	0.14695960788360787	0.09771978570195732	0.06194236406952458	0.037740902634720803	0.022289258494297363	0.012854566831934335	0.007283129772123908	0.004072894257574639	0.002255963183276159
0.42942029191192876	0.3547886508230892	0.2787557187879207	0.20715089058877584	0.1453874988033025	0.09665790064957856	0.06126756101665901	0.03733221950596472	0.022050405505507725	0.01271844370232793	0.0072068846371230915	0.004030685600029635	0.0022327806449512146
0.4313990903895153	0.35631329202524126	0.2798022340123378	0.2077705770027765	0.14568872382902992	0.09676329867925615	0.061276217953892334	0.03730577714177599	0.02201896444210032	0.012692918264426077	0.007189128497556483	0.004019336895505479	0.002225897660119126
0.4297161722543829	0.3545367744398562	0.27805908889700826	0.2062009114868463	0.14439840938149962	0.09579186133046616	0.06059959717749917	0.03686380940765764	0.021744424952427302	0.012528732353469532	0.007093651548189989	0.003964938226603122	0.0021953594344617604
0.43240561028545804	0.3568273678488569	0.2798695393075693	0.2075176409184411	0.14527898207054715	0.09633755519070172	0.06091739145302136	0.03704064972272298	0.021839948019869614	0.012579466624882166	0.00712039195991734	0.003979007647815758	0.0022027737622062346
0.4281394182278257	0.35317267576554506	0.2769596510007442	0.20538210572202584	0.14383539890182925	0.09543188946046662	0.060382800896405145	0.03673894236107659	0.021674664226303864	0.012490495559124045	0.007072921760533469	0.003953763004528287	0.0021893497945928747
0.4284626332788699	0.3533489915335927	0.27700170522343814	0.20532638454438729	0.14372954583722955	0.09531738769957904	0.06028458133097147	0.036665673466287234	0.021624903439198644	0.01245883953710426	0.007053692704990495	0.003942460436654236	0.002182860797865421
0.43287711408042673	0.357380390696077	0.28045605698892206	0.2080770229572647	0.1457586966188456	0.09671011970791794	0.061182863486331916	0.037216968087832064	0.021950815657693707	0.012646364380766998	0.007159549409209142	0.004001425137096692	0.0022154028143937855
0.43006384860596136	0.3548676764655274	0.2783549679761691	0.2064466547686968	0.1445870802184417	0.09592614406668219	0.060688998586552426	0.0369201666239177	0.02177848156894496	0.01254867504706648	0.007105065062246218	0.003971363686853293	0.0021989343971500364
0.42848250838699836	0.35361614319074103	0.27745932991148653	0.20587822109447887	0.14427290783797642	0.09577854595702107	0.06063345484025612	0.036907230433244245	0.02178133603650543	0.012555246743534757	0.007110990865037821	0.003975628958651269	0.0022016980098697094
0.4245780455316991	0.3504701201437541	0.27514717193999255	0.20435043110437018	0.14337338016256465	0.09530850657337411	0.060416356982568406	0.036820019727153284	0.02175268854227742	0.01254953992846758	0.007112623102894945	0.003978653514471662	0.002204266716206667
0.42798764330610395	0.35283994399837587	0.2764964715358311	0.2048675785686944	0.1433500769448531	0.09503042691850885	0.06008405833784155	0.036534375689337054	0.02154319654484114	0.01240990852690475	0.00702520903392597	0.003926219009835991	0.0021737378793566897
0.4259377429244033	0.3516110559441397	0.2760331960840869	0.2049814650117254	0.1437849765367647	0.09555614733087396	0.06055572553272648	0.03689466276719043	0.021791390140163302	0.012569253375375658	0.007122599394541694	0.0039837081197017805	0.0022068425129942886
0.42828263927818727	0.35303018059327784	0.2765869672107978	0.20488043594989896	0.14331670632135515	0.09497990000373116	0.0600354252134895	0.03649599383912493	0.021516277531397152	0.012392437992399105	0.007014456995123253	0.003919842810495035	0.002170054599426096
0.4326240967810912	0.35759626857615323	0.28105367544271764	0.20889269295233792	0.14660841645755027	0.09745429982701066	0.06175682839971467	0.037619391769778014	0.022213627743063243	0.012809269062955545	0.0072567594361953695	0.00405785752540195	0.0022475169565477925
0.4306808672884537	0.3560634259223493	0.27996304287237955	0.20820780407899156	0.1462375102226333	0.09728729435387204	0.06170050237509961	0.03761239057019465	0.022223235374782258	0.012821269759974167	0.007266450285113205	0.004064526836031185	0.002251738248399503
0.4260107780217965	0.35133373039535903	0.27547957544951307	0.20428129943030626	0.14307943744692053	0.09494912067046256	0.06009237327520086	0.036571842865174106	0.02158140114665069	0.012439422663735634	0.007045254835474814	0.003938858060012108	0.0021813388859856526
0.43110214522690443	0.35600272512745923	0.27949972752869356	0.2074997073675171	0.14546700391431236	0.09659690033112484	0.061160591746499175	0.03723038292297196	0.021972192971726517	0.012664974550418363	0.007172890725562697	0.00401009040545896	0.002220709012360561
0.42534656652636815	0.3508237973993141	0.275130960054248	0.20407579307710547	0.14298009271861437	0.094914707837097	0.060089859785491535	0.03658080469588097	0.021591918955642053	0.012447926637457175	0.007051158659900137	0.003942627164294076	0.002183623239641912
0.4289536424533547	0.35346854327115546	0.2768028495423755	0.204922022627281	0.14325317098824603	0.09487565911365818	0.05993302866208705	0.03641447186116973	0.021458839465865888	0.012355060451598664	0.006991414860148551	0.0039061633330569503	0.0021621466549054435
0.4313876887681972	0.3560742677002378	0.27938673590150054	0.20726654158755534	0.14519070189356179	0.09633966882551241	0.06095525880716422	0.03708333210992228	0.0218748188686018	0.012604048133863493	0.007136296605677935	0.003988748896469989	0.002208524204156572
0.43126467675360847	0.3558919992586055	0.27916620877293097	0.20703815696934016	0.14498385171771797	0.09617287893741884	0.06083323460796172	0.03700074655645085	0.02182218005539285	0.01257197159400428	0.007117386118393425	0.003977865925769611	0.0022023697003709314
0.43077081818548296	0.35566871418209506	0.2791844864545927	0.2072247637986598	0.14524671487187513	0.09643436875308985	0.06104914640211591	0.03715845605862719	0.021927919231502356	0.012638678242046807	0.0071576774044484585	0.004001455669071415	0.0022158754394965667
0.42726801876147624	0.35255417223131214	0.2765922309916759	0.20522257688008202	0.14381435799549547	0.09547998922904494	0.06045029244889348	0.03679982786511465	0.021720328147697823	0.012521310961107942	0.0070923593682827015	0.0039654794192677065	0.0021961937550161775
0.423228517210812	0.34910646574804166	0.2738569978133709	0.20322214871335925	0.14246670490182087	0.09463747368379133	0.05995483768981227	0.03652132131621237	0.0215683817875221	0.012439850732128091	0.007049061549429322	0.0039425317647051525	0.002184026717756114
0.42654159284961785	0.3520744551899986	0.27634966844023306	0.20516750936113004	0.1438742408382746	0.09558628560696458	0.06055695662634403	0.036885670641303596	0.021781218567762783	0.012561115500853218	0.0071169759481173244	0.003980126869684003	0.0022046751674886203
0.4335235004061068	0.3583763314179986	0.28168411716456565	0.2093634774274355	0.14693287879336234	0.0976621061849321	0.06188210899592679	0.03769157729323468	0.022253953331509726	0.012831364023280152	0.007268732055271384	0.004064308423134449	0.002250984301505271
0.43421781372335505	0.35915032025599924	0.28247716928865746	0.21010244802571335	0.14755681289754372	0.09814166452779279	0.0622214375692224	0.03791587295079926	0.022394518330469893	0.012915979911768802	0.007318175671330947	0.004092579390078176	0.002266896403026854
0.43002688533916783	0.35498793186780203	0.27859970014883323	0.20675780970431903	0.14490123918014636	0.09619657736494693	0.06089538209191665	0.03706387897232869	0.02187190551308475	0.012606401840065295	0.007139436833103074	0.003991286366866399	0.002210259390258433
0.4344400191410732	0.35928147251359516	0.2825230594374125	0.210083988869318	0.1475028470241837	0.09807830319490791	0.062165134199349145	0.03787304923571609	0.022365085698211717	0.012897110023764096	0.007306653254871484	0.004085782188107628	0.002262984129541234
0.4210369323546235	0.3474971680494268	0.2728357479312861	0.20270104186105925	0.1422946221271289	0.09465720539000344	0.060048305542194064	0.0366219910092037	0.021649508272007165	0.012496718953651799	0.00708576065759569	0.003964980381460689	0.0021972698813804876
0.42953341457395394	0.3542659298815278	0.27773154442527614	0.20586191200573603	0.14409156213569943	0.09554456348243782	0.060418737405160704	0.03674143232195858	0.021666434194830757	0.012481210552361285	0.007065636396453848	0.003948815746407001	0.0021862419230008587
0.4264526515980051	0.35228804384353096	0.2768042021671662	0.20575304248270318	0.14446978519003797	0.09610168177746009	0.060951959301797434	0.03716167012369768	0.021961130066831876	0.012672520774189752	0.007183418020790009	0.004018686233796927	0.002226614653786198
0.4301559717507494	0.3553958792312953	0.27921675949140146	0.2074693921523367	0.1455870107206444	0.0967717941274337	0.06132751986429195	0.03736178153362831	0.022064274485425413	0.012724724993026782	0.007209664773580368	0.0040319003820907095	0.002233309085706082
0.42618035761527107	0.35233954298548864	0.2771253191782233	0.2062375596413687	0.1449952846078874	0.09657236737642379	0.06132034223362399	0.03742263029875926	0.022132839436255238	0.012779545337287989	0.007247544418056898	0.004056025646563278	0.0022479110169939323
0.4287602302759	0.35417495995652876	0.2782194142974795	0.20671493798997917	0.1450592244467876	0.0964281773071527	0.06111679482817703	0.03723829827723853	0.02199419014814331	0.01268577464343858	0.007188298186176634	0.004020269656850406	0.0022270055869710557
0.4269740939591177	0.3525800401464288	0.27688501066736365	0.20567805278811171	0.1443125909858198	0.09592740273947704	0.06080058936884569	0.03704786022993151	0.021883415246048563	0.012622889702532267	0.007153185737059889	0.0040008798898113745	0.0022163765195804875
0.43222912043479433	0.356634154445514	0.27967455212090825	0.2073382946081263	0.14512922232011463	0.0962235095293678	0.060837298085811245	0.03698802025687246	0.021807114832101324	0.012559769606165868	0.007108911727361886	0.003972455834073061	0.0021990912452755423
0.4332976471177589	0.3579681662592615	0.2811476456405977	0.20878226472072847	0.1463915281337187	0.09721738203725205	0.06155252148907343	0.03746647362082676	0.022109541581158923	0.012742953376874989	0.0072164352653467075	0.0040341386726304345	0.0022338928029603236
0.42802385553964906	0.3527017450267109	0.27622125721758134	0.20452047424084574	0.14300142567176619	0.09473145550498792	0.05985656851640055	0.03637632072771055	0.02144062019292076	0.012346604113254441	0.006987549858526483	0.003904404996162988	0.0021613435753427643
0.43104651176584396	0.35641043857511234	0.2802727410534755	0.20846478806481314	0.1464347808020403	0.09742773942976159	0.06179404904127011	0.03767138611732188	0.022258897871530566	0.01284215726142131	0.0072784060245520525	0.004071257997112399	0.0022554834080572143
0.4305132531130373	0.3549778105605918	0.2781735918418196	0.20607654825829433	0.1441503540738632	0.09552072182491707	0.060366075071771705	0.03668928668777588	0.021625789597822433	0.012453225983243001	0.007047775221405234	0.003937969423080847	0.0021798751799193858
0.42952887491370034	0.3543675766896736	0.2779157895363945	0.20608816657814538	0.14431621631145827	0.09573607431819062	0.0605639782225327	0.036842141379380196	0.02173171023234071	0.012521460891074029	0.007089566759406515	0.003962671553230189	0.002194112151072103
0.42913151927172893	0.3542276595001907	0.27800084486812215	0.20632397823183085	0.14461245104053386	0.09601858894415614	0.06079237968815671	0.0370069625683333	0.02184138798934159	0.012590312935762859	0.007131016275999966	0.003986883981443406	0.002207952167449204
0.4321735099495196	0.3568645078296688	0.28013078011354564	0.20791397829028818	0.14570831834038409	0.09672082743614245	0.06121617219671972	0.037251489177467546	0.021978208974242183	0.012665402069496054	0.007171767772828177	0.004008871113097066	0.002219783886846712
0.4338826164404793	0.35867233695149414	0.28190825671568176	0.20951762643194183	0.14702878221295154	0.09771632133910298	0.06191026784761267	0.03770520916773873	0.02226019352822833	0.012834098785267992	0.007269890424216915	0.004064785747076919	0.002251176354676395
0.42549366162886976	0.35107249388951384	0.275449127959374	0.20441539388507637	0.14329350185464537	0.09517067511219339	0.06027886385495401	0.03670960247898166	0.02167443683451398	0.012498405838432059	0.00708100492215978	0.003959841001598193	0.0021933736997710985
0.4257343960099434	0.3511056969844803	0.27530640751581203	0.20416150711788023	0.14300415432331903	0.09490588863004253	0.06006939826259975	0.03656035847862623	0.021575910270649007	0.012436872804218098	0.007044089558859752	0.003938328305238867	0.0021810972224226527
0.43160039879281226	0.3561507951143991	0.27934397941034717	0.20714363884456544	0.1450354481496002	0.09619134189437913	0.06083527679069628	0.03699674565630111	0.02181721024863086	0.012567891265189587	0.0071145345887848165	0.0039760391926289265	0.002201260371466879
0.4273153395303277	0.35262680775884914	0.27668153118622846	0.2053159127994379	0.14389941790285185	0.09554889356995633	0.06050088685459421	0.03683416939259093	0.021742267208040712	0.012534703941384612	0.007100265992613407	0.003970034449124541	0.0021987717378780932
0.43078680205376757	0.35545107458959	0.27878425708813126	0.20673063531665192	0.1447545460552428	0.09601391619887759	0.060729792268468155	0.036936775580434074	0.021784121213737875	0.01254996038418377	0.00710491031179768	0.003970894608027419	0.0021985129661094022
0.4308134918260828	0.35524048759148563	0.27838804660191613	0.20623858985121304	0.14426355490369056	0.09559432988737851	0.06041117830044846	0.036715708339654894	0.021640787276544532	0.012461564605273768	0.007052352027443821	0.003940462258326399	0.002181226978114852
