r0	r1	r2	r3	r4	r5	r6	r7	r8	r9	r10	r11	r12
0.3868159231683896	0.31192612003252596	0.238561197391208	0.17242011250558592	0.11784636150065644	0.07653287775458086	0.04757818450978047	0.028550789190586793	0.01666870140839191	0.00953164920361124	0.005366991832004282	0.002987844176815117	0.0016495590019428015
0.3869333441683374	0.3116970175658828	0.23808157208978456	0.17182710543373853	0.11726897705590922	0.07605282493905564	0.04722247187885318	0.028308797349643467	0.01651413180533883	0.009437367378550646	0.005311377686500894	0.0029558254937930364	0.0016314460743683807
0.3853015560487064	0.31065674230729273	0.23757289513796884	0.17170895154862473	0.11737212374841978	0.07623694538015303	0.04740296741553034	0.028450912039186108	0.016613191375940955	0.00950127496856359	0.005350518576291325	0.002978951218324202	0.0016447682829989357
0.38943010952607204	0.3141751197837951	0.24036486728860926	0.1737610335135218	0.11877198731136643	0.07713110597449394	0.047944672433754484	0.028766430803332375	0.016791997358074157	0.009600780471523135	0.005405253911320462	0.0030088423024063043	0.0016610192631969238
0.3891630175948533	0.313684080133106	0.23973646233972173	0.17310615956568168	0.1181864600433406	0.07666777564642753	0.04761189657637848	0.028544682586037824	0.016652355301639464	0.009516447202242437	0.005355858714990206	0.0029805480460318354	0.0016450718442995718
0.3920663900988744	0.316114181273049	0.24162345821671574	0.17445884099736755	0.11908425157053135	0.07722508903869678	0.047940120703281165	0.02873083144938526	0.01675534250022908	0.009572578606421718	0.005386201365225324	0.0029968847411641947	0.0016538540286343876
0.387623404262068	0.31183580190680177	0.2377865930587151	0.1712847560329701	0.11666628035114955	0.0755188496263828	0.046812455538303405	0.02802372941164721	0.016329476202102747	0.00932367203722656	0.005243878200715876	0.002916788269316666	0.0016092919432186418
0.3873591223897131	0.3123416580297078	0.2388480080437926	0.17259618674963575	0.11794146896752285	0.07657751170934912	0.04759581558702094	0.028556007471462985	0.016669127705294006	0.009530686246550898	0.005365917091496522	0.0029870178939181524	0.0016490073165530237
0.38640604509303056	0.3113442695691234	0.23788899985798823	0.1717559892910078	0.11727098298882269	0.0760865537339455	0.04726179484689626	0.028341818138855807	0.016537905731279706	0.009452994673889319	0.005321061561429798	0.0029615912984201766	0.0016347850626733467
0.38752188584759534	0.312348176486711	0.23873346264584133	0.17241524174700124	0.11774844078747077	0.07640940334133299	0.04746782817425734	0.028467435126019628	0.016611908669622887	0.009495513716901258	0.005345057615123975	0.0029749625639237096	0.0016421689990275693
0.39191936729292554	0.3156106733279832	0.24088190603406315	0.17363846698805227	0.11832762910830866	0.0766156849001989	0.04749774819017391	0.028434084665209882	0.01656766718147625	0.009458913519265914	0.0053194972126971935	0.0029586245047661607	0.0016322692316431383
0.38343327139964534	0.30868183641753505	0.23565963584173805	0.1700231427505999	0.11602092084384973	0.07524415115676006	0.04672571295215985	0.028015714489896478	0.01634613571490239	0.009342963461928403	0.005259029671614574	0.0029270528986458494	0.001615723501837539
0.3910625074434336	0.31555989334549095	0.24145749132017694	0.1745587030486743	0.11931203887339323	0.07747332966600307	0.048150367504174243	0.028885350674972117	0.01685894151908388	0.009637821549101604	0.005425532196308232	0.0030198736867479187	0.0016669984839360324
0.38993732415735954	0.31410632149739776	0.2398563138989159	0.17302061613734893	0.11800358612774521	0.07647106830043827	0.04744627491390692	0.028423368977093553	0.016571191530341096	0.00946540484936572	0.00532511792799573	0.0029625919259228246	0.0016348098210381622
0.390996587484791	0.3156253550051995	0.24162006701588976	0.1747679236628874	0.119519469161573	0.07764755566555147	0.04828028019536501	0.028974090440845007	0.016915776294017627	0.009672552052290253	0.00544604441830905	0.0030316934654472014	0.0016736890147199062
0.3849766334458977	0.31002590943990466	0.2367523481057139	0.17084755044220762	0.11659877335964344	0.07562334229768461	0.04696139690074987	0.028156222998329806	0.01642739656428604	0.009388965172227363	0.005284690038365134	0.0029412230353408233	0.0016234947953496612
0.3896862985612212	0.31376932226919846	0.239477928589498	0.17265335237628246	0.11768933293844364	0.07622955501854319	0.04727628441713137	0.02831170360650553	0.016501589982989926	0.00942368108740932	0.005300810764662355	0.002948722822536434	0.0016270150967223472
0.3905825095122124	0.31529343937849164	0.24137586568098046	0.17460410233369356	0.11941908359252128	0.0775908058388261	0.04825022164170524	0.028958908999951932	0.016908340422682012	0.00966896814390293	0.00544432478545839	0.0030308649709408202	0.0016732859315228051
0.3921544873425373	0.3161426341864564	0.24160372985876588	0.17441016113569988	0.11902651380700806	0.07717246628774428	0.04789908925254033	0.028702039306864855	0.016736581960669236	0.009560982367958906	0.005379298603222234	0.0029928853370038318	0.0016515814016027958
0.39166189299154847	0.31539239323573853	0.24070992974963792	0.17351317671106228	0.11824299862424967	0.07656217088487417	0.04746563921338637	0.02841554435145355	0.0165572384864433	0.009453145803220177	0.005316340360391845	0.0029569073233286997	0.0016313384952776973
0.38841009068202825	0.31353901895738084	0.24007208511975406	0.17371788661961293	0.11886679453312837	0.07727193121229092	0.04807693416573145	0.028868697843193843	0.016862603991094113	0.009646075029337934	0.005432895582979271	0.003025134954200128	0.0016703897439494994
0.390411321887889	0.3149873693451642	0.24098742195040504	0.17420060677593893	0.11905877559293046	0.0773058150629659	0.04804554936318569	0.028822516521950906	0.016822442394351843	0.009617088114534308	0.005413935989235088	0.003013457017964318	0.0016634739921493596
0.3875911938902663	0.3128344635509637	0.23950686164778556	0.17329747280496777	0.11857643018718589	0.07708417937625191	0.04796187190336699	0.028800980167254655	0.016823881414981482	0.00962436297103847	0.005420878870117498	0.0030185405024488327	0.0016667908339565486
0.3899511340078811	0.31413961346935376	0.2399021709243602	0.1730699628410817	0.11804844210933135	0.07650689071733609	0.04747214178430541	0.02844066166789368	0.01658210351686352	0.009472003583315616	0.005328986312989705	0.002964809128380442	0.001636060022718595
0.3894712474206503	0.3141564011483438	0.2403011922663437	0.17367469463016919	0.11868460759769946	0.07705693514691439	0.04788902358367771	0.02872826915484465	0.016767491958898508	0.009585778607388813	0.005396382315672227	0.0030037255404613034	0.0016581210338207988
0.3848560151052792	0.30997404786205635	0.23675714068547055	0.17088807017682914	0.11665294330387596	0.07567498597067149	0.047002611509025294	0.028185549956580697	0.0164466802787326	0.009400959222033942	0.005291860914464312	0.0029453907953279584	0.0016258684390625963
0.3868550315703579	0.31115634389305413	0.23722559363167323	0.17085506822284524	0.11636078001053628	0.07531575097279308	0.04668475435131267	0.027946836305756395	0.016284634487428035	0.00929811418583784	0.005229544263037942	0.002908839170531538	0.0016049181649689889
0.3840355103494864	0.3092310225671131	0.23612793454325703	0.1703936062404637	0.11629257036936472	0.07542989739493361	0.04684540520522428	0.028089286602418873	0.016389767250550802	0.009368165482998082	0.005273311691006025	0.0029350366364473465	0.0016201430165888745
0.38604671646323646	0.31061320823640015	0.23692585695437143	0.17074001874663405	0.11635732131329102	0.07536142444396658	0.04674014593879455	0.027993881867874142	0.01631866600610354	0.009320535595686312	0.005243455446982591	0.002917127800190619	0.0016097201885406543
0.389576282717382	0.31407981723317974	0.2400897977246138	0.1733975132480139	0.11840791163969246	0.07682380944260252	0.0477149185962451	0.028609239607458314	0.016691218123031502	0.009539153896312704	0.005368839113868284	0.0029878518296094204	0.001649134798551195
0.3911636373229415	0.3150894963099325	0.24057984757393056	0.17350641550125676	0.11830193225419734	0.07664045490416362	0.047536616592881824	0.02846944679730742	0.016594047238475115	0.00947658785490165	0.00533057467957085	0.002965267740493836	0.0016361347207234798
0.3840654034085517	0.3095566876636505	0.23665747235177428	0.17100153051607558	0.11686448157453934	0.07589644681636336	0.04718715878619239	0.02832008229220407	0.01653647231737484	0.009457356597818928	0.005325803631834905	0.002965209687660031	0.0016371926037982603
0.38436109514581257	0.3096903423189891	0.23665662133652143	0.17091460853581383	0.11674312356722592	0.07577893903746896	0.0470926127137419	0.028252467082638774	0.016491863257209673	0.009429546286646247	0.005309149382884593	0.00295551874288558	0.0016316686822591907
0.3893703935593801	0.31422395102573003	0.24049421378177419	0.17392954273241967	0.11893989776466227	0.07727252439796822	0.048050304540149996	0.028838671331003225	0.016838304780687718	0.009629095871923012	0.005421985162079488	0.0030184867337041668	0.0016664798629233762
0.38640604509303056	0.3113442695691234	0.23788899985798823	0.1717559892910078	0.11727098298882269	0.0760865537339455	0.04726179484689626	0.028341818138855807	0.016537905731279706	0.009452994673889319	0.005321061561429798	0.0029615912984201766	0.0016347850626733467
0.3818211391361112	0.30745019401622287	0.23480998794086005	0.16950104176218428	0.11573790124875326	0.07511022376268495	0.04667181091927065	0.027998896929571034	0.01634389689361745	0.009345171855694077	0.00526181225665537	0.002929260790030451	0.001617218451871776
0.39119199481041617	0.3150716737109502	0.24052775854095465	0.17343760427575922	0.11823316973337034	0.07658257330214017	0.047493454994499584	0.028439985373321302	0.016575194975057054	0.00946507720080346	0.005323781082844175	0.0029613552189673912	0.0016339209979542378
0.3896916566040974	0.3137530839701086	0.23944627523235298	0.17261500965688747	0.11765240692914675	0.07619908100346448	0.04725382800108931	0.02829649075562488	0.016491904171915962	0.009417787489584335	0.005297340669268776	0.0029467277214861574	0.0016258876185776372
0.38314996713256383	0.3087211873332228	0.23594412335690074	0.17043631469129467	0.11644930959673253	0.07561208643852231	0.04700364615175057	0.028207139970053727	0.0164694256335065	0.009418599884153847	0.005303827327963577	0.0029529194351826976	0.001630386951567446
0.38299027335603714	0.3083764962946141	0.2354822938411191	0.16994498300327765	0.11600495238169041	0.07525791277571782	0.04674799526642078	0.028036163678285184	0.016361463317907783	0.00935326518708852	0.0052655008036109575	0.0029309400257199734	0.001617988016761088
0.386969739178223	0.31172953860787883	0.2381087327341356	0.17184815778488793	0.11728412047346515	0.076063001589547	0.047228931567037544	0.02831271813535213	0.01651643320532137	0.00943868585991936	0.005312120118433717	0.002956238487267118	0.0016316738425224842
0.3888944388179139	0.3136866849535759	0.23994839054662973	0.17343160648265957	0.11853050452523084	0.0769660757129478	0.0478384051365808	0.02870116285508051	0.016753321279396022	0.009578456977289828	0.0053926110546573406	0.0030017785032969684	0.0016571106012513092
0.3840840346198654	0.3091587391095088	0.23596818316288856	0.1701938234176453	0.11609726259738906	0.07526723904600743	0.04672478309708416	0.028007193346725304	0.016337317924991504	0.00933616776852387	0.005254434731471734	0.002924167551635107	0.0016139939228462026
0.3896291389915572	0.3144437383552684	0.2406679313858109	0.17405662770996366	0.11902613653788843	0.07732730228423126	0.04808330455648802	0.028857789977120754	0.016849087170092588	0.00963507118891601	0.005425260538889095	0.0030202703506087584	0.0016674473874096424
0.38745492425737876	0.31201115118473327	0.23821306484591565	0.1718288882428236	0.11720223242807597	0.07596660190535703	0.047144891208919605	0.028250049239344543	0.016474060415090933	0.009411858731907183	0.005295890543786273	0.0029467292551071836	0.0016262274744483452
0.38831052986799725	0.3127911596642492	0.23887768566955664	0.17235401349451954	0.11758667656963372	0.07622900484124329	0.04731367788282061	0.028353627916369903	0.016535399756071375	0.009447247279251284	0.005315926409613737	0.002957921196176157	0.0016324194396726685
0.3921384256219234	0.3163859669659874	0.2420300054469117	0.17491192854727486	0.11950415849593027	0.07756451139017027	0.04818719105587865	0.028896918417957034	0.01686055109498374	0.009636374300982607	0.005423673085201233	0.0030183919470399504	0.0016659933575557495
0.38931689658735913	0.3141315655587496	0.24037839152919774	0.17380995290746165	0.11883346493021177	0.07718850550779914	0.047990036227732576	0.028798538077803047	0.01681304085773271	0.009613841520134794	0.005413051548525237	0.0030133698106005204	0.0016635959583742846
0.3887860289851561	0.3132994920514608	0.23937410528603612	0.17279377115588893	0.11794032925516805	0.07648934503177912	0.047491445391233955	0.02846790642075991	0.016605533694930417	0.00948882163840469	0.005339950323559222	0.002971547728060707	0.0016400447899476017
0.39012065500865983	0.31439065750963635	0.24019766210710888	0.17336466127500477	0.11830498185424847	0.07670633931824583	0.04761365340478071	0.028534147155420294	0.01664060978134693	0.009507178496941607	0.005349521579680663	0.0029765440517556464	0.0016426626629662453
0.387871191285197	0.31245377588766843	0.23864352771233105	0.1722090020061104	0.1175071769221236	0.07619067638995503	0.04729768926114133	0.028348179348133	0.016534240941105227	0.009447514465572387	0.005316486684362102	0.0029584083838216555	0.0016327617900853326
0.38638717137256023	0.31155183332006176	0.23825609317672128	0.17218929321550824	0.11768415724436745	0.07642620084511033	0.04751176026506456	0.02851113363746416	0.01664574345966368	0.00951864289702234	0.005359732785927236	0.0029838340262544082	0.0016473591067840245
0.38715326032179953	0.3116793210341325	0.23788242020436326	0.17153176683151117	0.11696083559646309	0.07578758809331042	0.047022002369783954	0.028170741427563793	0.016425248941875203	0.009382862978631503	0.005279109165347992	0.0029371998183573547	0.001620890329527318
0.38960709218789585	0.31421313608547935	0.24029262496230347	0.17362501326483956	0.11861947976839622	0.07699521376451847	0.047839893696860744	0.028693358326724858	0.016744556380345207	0.00957152160494453	0.005387862132844953	0.002998775123586692	0.0016553023150721142
0.3858680811600964	0.31107131386721565	0.23784018325210296	0.17185557833600146	0.11743629827845448	0.07625483380245572	0.04740031195734616	0.028442118836874752	0.016604575325086225	0.009494756563504075	0.005346149935445997	0.0029762214999073827	0.001643136928821902
0.3886623602551139	0.3138731512746346	0.2404457001572744	0.17408066374781214	0.1191780470411673	0.0775120080151235	0.04824654121640636	0.028980482784983604	0.016932473524010443	0.00968805190798569	0.005457391907729658	0.0030391300678990194	0.0016782629183881084
0.3858490515078446	0.31080167391172464	0.23739708999174702	0.17134496885616646	0.11695505708627697	0.07586187831907742	0.047112329775771046	0.02824759438745942	0.01648091646358098	0.00941957604519598	0.005301904678700677	0.0029507895736598745	0.0016287668335034599
0.38943783553192574	0.31416385446752393	0.24033972164181472	0.17372942481872855	0.1187409668956163	0.0771051947397293	0.04792541560512228	0.028753304670656524	0.016783602124408027	0.009595655081411766	0.005402228718507729	0.003007099860135654	0.0016600332672370016
0.3891478945940859	0.3138558584515545	0.2400401109645183	0.17346457027512083	0.11852816930455234	0.0769485838789711	0.047818468873963675	0.028684539787942828	0.0167413912723175	0.009570628395280016	0.005387764769870835	0.002998894866794371	0.001655441395279635
0.39241677692561683	0.31644042090303587	0.24190717477170293	0.17468727899803682	0.11925429856038364	0.07734280325625086	0.04801671790103708	0.02877827112205786	0.01678363887031666	0.009588994061629785	0.005395534354744073	0.0030021146105792956	0.0016567543177817743
0.38596195666315847	0.3107717147400655	0.23725945962907125	0.17115214566474093	0.11675781896025869	0.07569370926896454	0.046985890801954706	0.028160792914283552	0.016425141992016317	0.009385418093203379	0.005281699364901612	0.0029391337680712603	0.0016221638472717023
0.3883120822885756	0.31321625600933045	0.23959862483474748	0.17319364213717733	0.11838197088106318	0.07688010888015744	0.04779153074363472	0.028676656651608227	0.01674083459521743	0.009572172488126486	0.005389455776598262	0.0030001878526089093	0.0016563024938816046
0.3845564286322691	0.3102837111397634	0.2375142001191433	0.1718579989563816	0.11761248394349155	0.07648010993483391	0.04760276360199135	0.028595526541629737	0.01670932495337286	0.009561507956525179	0.00538671311635922	0.0030000630021425716	0.0016568226383557611
0.3874115778783889	0.31255231572682507	0.23916569000803417	0.1729515592700308	0.11827173765989382	0.07684514380487706	0.04779107003297188	0.028687522555408948	0.01675257502750019	0.009581354545980969	0.005395709696328528	0.00300413159860143	0.0016586728357642626
0.3910539128464407	0.3155476286513175	0.2414432726325167	0.1745446197726708	0.11929981614315388	0.07746383780233895	0.048143634598393	0.02888090227999925	0.01685615693377331	0.009636147017377313	0.005424554398716352	0.003019314831298089	0.0016666840052513322
0.38981083575357145	0.3144917043384314	0.24060885612346772	0.1739344424648584	0.1188859784163697	0.07720112654257781	0.047985456642183205	0.028789305663074843	0.01680451922708683	0.009607539497252798	0.005408876781794784	0.0030107790057813935	0.0016620543279508258
0.3861613482430931	0.3115683534747533	0.2384586940762232	0.1724916966544467	0.11800116603733363	0.07670019211545104	0.04771957500713683	0.028654662307706923	0.016738362309858108	0.009575539326642827	0.005393463008970303	0.0030033231658429483	0.001658412552437627
0.38676818258460394	0.3114644887954275	0.2378142314045396	0.17156393082081026	0.11704165356741919	0.075876934816703	0.04709804738072996	0.02822675416025311	0.016462847726102972	0.009406558249889691	0.005293400237274781	0.002945555688600217	0.0016256690965684025
0.39679781329195823	0.32072646473933786	0.24580826865102764	0.17795771486574746	0.12177430774473229	0.0791378496635247	0.04921195259522719	0.02953205517052469	0.01723958878061932	0.009856343057400706	0.0055487666698853175	0.0030885014259758336	0.0017048777764976622
0.3902591690535662	0.3146748642175884	0.24057360001407646	0.17376232923562243	0.11866333311583736	0.07699115157296237	0.047818737041467406	0.028671016815186808	0.01672688312783507	0.009559312710146596	0.005380069475493449	0.0029940469877864024	0.0016525296061348674
0.3910214630482278	0.3152303129818869	0.24092867861569442	0.17395389084632024	0.11874406605928495	0.07701060092163901	0.04781182093499935	0.028656979577392026	0.016713925747007058	0.009549734680711824	0.005373727567560634	0.0029901128902340554	0.001650189422685775
0.38340070540747784	0.3085681330555049	0.23549200286089136	0.16983768504551033	0.1158498035753172	0.07510620023941786	0.046625446371085795	0.027948362749405195	0.01630348400000065	0.009317101950319581	0.005243838418103369	0.0029183328198475467	0.0016108010622015922
0.3887389937474304	0.31293008907182984	0.23878367118911586	0.17212060145339106	0.11730991849929373	0.07597696168924069	0.047117285387928726	0.028215883992082476	0.016445676036512386	0.009391798111928399	0.005282923596302357	0.0029388009016651537	0.0016215549050571786
0.38989699793271887	0.3147098652372796	0.24091348756587486	0.17426495868356645	0.11918832355829458	0.07744383985579581	0.04816146122468465	0.02890736721371976	0.016879213564859226	0.009652799107158593	0.005435449166819555	0.0030260262236818636	0.001670658795792685
0.38840347557755034	0.3134411152969294	0.23991050699055258	0.1735310281868454	0.11869012789910792	0.07712728563175286	0.047970696959732974	0.028796815603073376	0.016816850316501552	0.009618232187862235	0.005416498303738608	0.0030157052186022453	0.0016650596391708772
0.3812895209057897	0.3065629781793491	0.23371539263327384	0.16838260837044536	0.11474999643440996	0.0743346422580075	0.046117657999188495	0.02763089595033194	0.016112678073030268	0.009205741994177445	0.005180227755523164	0.0028825595547357025	0.0015909084834999526
0.3861975903618051	0.3109597721005288	0.23739716412164708	0.17124408565818683	0.11681391232005152	0.07572530384135262	0.04700257790491686	0.028169203732817456	0.016429256037771588	0.0093873993666279	0.00528264964521442	0.002939591550940936	0.0016223865882110406
0.38570638269770485	0.31105162288150195	0.23793152640664933	0.17200924880649557	0.11760347032321139	0.0764018351880801	0.0475128776267662	0.02852031576553069	0.016655225136503544	0.00952594947235131	0.005364674296582969	0.0029869378193061835	0.0016492200571599199
0.3837186050376619	0.3089561296412283	0.23590539992164153	0.17022644914083415	0.11617591368180656	0.07535366196627911	0.046798199477778184	0.028061236444325587	0.016373590109581306	0.009359028593144069	0.00526822436973469	0.002932231372983131	0.0016186062472720892
0.3913308009059116	0.3157840656985555	0.2416312167984043	0.174682941364985	0.1193942618761206	0.07752419967592006	0.04818021533877835	0.028902212635377296	0.016868234717917555	0.009642868641193885	0.005428251900557291	0.003021334089028161	0.0016677818397590782
0.39128757263744823	0.31516858482084387	0.2406185559999154	0.17351547374311616	0.11829423112084012	0.07662665257336142	0.04752310408954619	0.02845882801401302	0.016586659034414183	0.009471828812714479	0.005327663607061564	0.002963549469254353	0.0016351456073947694
0.3893617842041799	0.3136086534047173	0.2394551872605953	0.17272094770706348	0.11779574717773077	0.07633612534421212	0.047363242663718795	0.02837431340139394	0.016543040826104107	0.009449571136204184	0.005316331386794015	0.002957759615139193	0.0016321680131542464
0.3852731996894846	0.31003903014414247	0.23654685584933788	0.17052294867139653	0.11625310580640652	0.07532286750632806	0.046733010235437196	0.027998378667006066	0.016325529316579105	0.009326394105971782	0.005247601780752586	0.002919797084830177	0.0016113445346745412
0.39082553085574456	0.3154427384279863	0.24144169201909074	0.17460971080756393	0.1193920105279532	0.07755355432198047	0.04821598660426929	0.0289327023829206	0.016890348899421162	0.009657466983839708	0.005437322299017199	0.003026744085556085	0.0016709184947007476
0.3907881097320267	0.31507471198455966	0.2408445180537568	0.17392384633618732	0.11874643750426268	0.07702681103949124	0.04783019295909284	0.028672256547089832	0.016724870061325895	0.009556907273389235	0.005378163615087636	0.0029927506105152193	0.0016517155032736823
0.3877208943222862	0.31226807783685867	0.2384441858084013	0.17202064972159167	0.11734871786072504	0.07607022837885155	0.047213528102667685	0.028293166672507218	0.016500067254020395	0.009427076788967415	0.005304600029544914	0.002951634167474144	0.0016289577769593637
0.39005582349288953	0.3149124476909328	0.2411353889989412	0.17447767580636236	0.11936925106958238	0.0775825335395714	0.04825900159325605	0.028971439033809384	0.016919160988478243	0.009676754694649056	0.005449409683742496	0.003033993980964342	0.0016751378262472986
0.3896696424277326	0.3136377146623936	0.23926765736915698	0.17241384589082873	0.11746530892009024	0.07604770183619383	0.047143644697117605	0.028222452421403747	0.01644502524446921	0.009389372529056897	0.0052806557898096625	0.0029371535871076	0.0016204846468305227
0.3876179403661055	0.31206421535328077	0.23817769308675388	0.17174057648750873	0.11709740958590723	0.07587108781392737	0.04707043695999701	0.028197812528952985	0.016440025561016806	0.009390820818330188	0.0052833669114781025	0.002939472717572174	0.00162210376171964
0.38388515614626045	0.3088343066130971	0.23557131460396274	0.16979014311264265	0.1157417490464824	0.07498874635651724	0.04652614355790238	0.027875462480217997	0.01625464003575468	0.009286353516521361	0.005225305964557107	0.0029075017077892927	0.0016046084349408403
0.3793268058472851	0.30531864760113236	0.2331119435478308	0.16824661623870169	0.11487687069993896	0.0745564294965196	0.04633389985455027	0.027800713157938084	0.016230874865177145	0.009281929711823124	0.005226864908689899	0.002910105106709129	0.0016067734518665586
0.384042581942088	0.3091486572148221	0.23598291622965728	0.17022292440386072	0.11613019533697484	0.07529666775129337	0.046747496446508656	0.028023039659064414	0.01634760773268572	0.009342514672504932	0.0052582077461266925	0.0029263517197809278	0.0016152343490021333
0.38892645269806925	0.31328630054499135	0.23924350369135242	0.17260096315296344	0.11773940871887083	0.07631648477532602	0.04736083110118453	0.02837797518633275	0.016547643933377498	0.009453327663335655	0.005318939078959475	0.0029594209907712653	0.0016331727043621843
0.3890675852964576	0.3135639408378681	0.23960603259073568	0.17298199320235438	0.11808145097603169	0.07658765613819399	0.0475557628946619	0.02850791886215413	0.016629485819236504	0.00950275626488637	0.00534789022202269	0.0029760044161530395	0.001642519434013822
0.3867403455404454	0.3112751362632111	0.2375146808227616	0.17122376152581842	0.1167237494790497	0.07561885034780517	0.046909708865222034	0.028099940679656002	0.016382424920947172	0.009357750995044418	0.005264714251149273	0.0029290833261765028	0.0016163682716546612
0.3894420795002636	0.31415661093233843	0.24032411470940274	0.17370996978576805	0.11872194390733473	0.07708933695653691	0.04791364498505517	0.02874528793996249	0.016778477616975068	0.009592527719795721	0.005400383341236078	0.003006037173248331	0.0016594320095078762
0.38826684812105816	0.3127423871659134	0.23882856918082931	0.17230953572954788	0.1175503361731435	0.07620194401700069	0.04729504496332512	0.028341576384886605	0.016527970510304257	0.009442828896441005	0.0053133670900048354	0.0029564669700831206	0.0016316046061112084
0.3882778283480873	0.3134811393321257	0.24007604245299524	0.17376133479748834	0.11892575731833294	0.07732857151256635	0.048122365323480985	0.028901141737873004	0.01688399273311254	0.009659403359222921	0.005440874992190946	0.0030297771812044677	0.0016730354815295096
0.39141476861186497	0.3156129852981916	0.2412751769370857	0.1742430189688197	0.11896596649960568	0.0771681573861554	0.047916470435173907	0.028722855702793093	0.016753719288137736	0.009573045200362215	0.005387078791689366	0.0029976360656607756	0.0016543788498046776
0.3878482107439722	0.3126534167911756	0.2390002103271284	0.17263108943430383	0.11790990579658575	0.07652169280859664	0.047541197030481715	0.028513035651124362	0.016639187030523358	0.009511375331348361	0.0053540920796686115	0.0029800322106191958	0.0016449834117024398
0.3905924852489089	0.31497719207917624	0.240829939530138	0.1739639284900654	0.1188102942052533	0.07709107470449687	0.04788279430991994	0.028710213426965333	0.016750039898173495	0.00957264671659065	0.005387607199373392	0.0029982525073475605	0.0016548541918561806
0.38244462276076024	0.3078275244686261	0.23497088300406477	0.169507975086118	0.11566289120514123	0.07501109717195636	0.04658191622057484	0.027930533159435774	0.016297137735678726	0.009315348284047089	0.005243680041129256	0.002918600072800029	0.0016110976791716399
0.3931036939788516	0.31673452004898517	0.24187622609373638	0.17445110997624436	0.11894018282536578	0.07704408467271201	0.047778802556083994	0.028609279538622606	0.016672691407954587	0.009520076316542786	0.005354373597294085	0.0029782114113545873	0.001643149514567157
0.3901416944103953	0.3145842590228372	0.24051036419722394	0.17372287975935424	0.11864148568762511	0.07698045676138518	0.0478141575475099	0.028669366924191003	0.016726456852670595	0.009559316290093257	0.005380180639689376	0.0029941555949383495	0.00165260913833678
0.38883421042269284	0.3135144144303254	0.23970203532481435	0.17316184673835705	0.11828266101413797	0.07676666391260702	0.04769361915197982	0.02860397043156322	0.01669180182934461	0.009541169094786897	0.005370714390382318	0.0029892123671204853	0.0016500184032911286
0.3854994069151497	0.3105478283057107	0.23723549587855652	0.17125828926892298	0.11691893098557492	0.07585357057976398	0.04711589132066251	0.02825427141346012	0.016487002661225467	0.009424053508232545	0.005304862448181484	0.002952622017769699	0.0016298560208199175
0.38590403933804146	0.311065810700332	0.23780310020399664	0.17180188052734086	0.11738063676712661	0.07620701452569988	0.04736417865571843	0.02841722610188057	0.016588540262524782	0.009484918343970826	0.005340322671708936	0.002972856692848648	0.0016412294309445313
0.39049088795230463	0.3149008737158419	0.24077872616107707	0.17393386995855964	0.11879525238721353	0.0770849844903494	0.04788115479824829	0.02871035669611707	0.016750670283229116	0.009573257519350169	0.005388061096496666	0.002998552109434165	0.0016550392013170503
0.3872946777271066	0.3121408652154032	0.23855659832173273	0.17227528292616248	0.11764580472894617	0.07633923385518657	0.04742262613360214	0.0284396616913768	0.016595444790595527	0.009486007803500349	0.005339672472962305	0.002971953103599518	0.00164050345318942
0.38601457825196617	0.31074200261516155	0.2371686725922379	0.17103137695825624	0.11663675431337242	0.07559157587792611	0.04690959099808177	0.028108629953917833	0.01639171909214048	0.009364989116833073	0.005269631895711611	0.0029321793503338978	0.0016182270095282355
0.38365300899789706	0.30881274495129096	0.2357127898552635	0.1700214522340469	0.11599059711829006	0.07520606969979407	0.04669175350412758	0.027990102050995138	0.01632870224682205	0.009331878622963575	0.005252304317452006	0.002923104475489001	0.0016134588520966085
0.38725962172994244	0.3122645829085423	0.23879384428112221	0.17256203833913794	0.11792224986296161	0.07656786181131539	0.047591502328660176	0.028554317816826612	0.016668582253067398	0.009530578073640085	0.005365946297322631	0.002987072796201481	0.0016490538372184735
0.38519604157687576	0.30982388346210404	0.23624181265025565	0.17019103062052607	0.11594976541622584	0.0750798759380759	0.046557203052185435	0.02788068241231107	0.01625118323855225	0.009281399348907074	0.005221208269421633	0.002904662303394069	0.0016028075372729455
0.3850382351734554	0.31037055944780645	0.23728981476281524	0.17145557260470023	0.11716660735561506	0.07608458255165443	0.04729832904628081	0.02838333480996598	0.01657156895769492	0.009476533380481066	0.005336191439670768	0.0029708118958371	0.0016402081638192275
0.38581799094302693	0.31050049078600805	0.23691043009913057	0.1707880807640855	0.11643252191995188	0.07543658978471768	0.04680142667903296	0.02803798780985055	0.01634786275545129	0.009338771668491905	0.005254388137519428	0.00292349368653279	0.0016133503354709773
0.3882922434019344	0.31390743663261633	0.24079195404926845	0.17459532094893612	0.11971798919300873	0.07797951765923296	0.048601789372799825	0.029226229368200837	0.01709125589814489	0.009785688431388148	0.005515316638845192	0.0030726167472089395	0.0016972627327623542
0.3897091384463987	0.3142272243146504	0.24023770292127528	0.17353118521310795	0.11851702233976244	0.07690502520168162	0.04777083239412219	0.02864540287508819	0.016713511365877735	0.009552412492675435	0.0053765191447141345	0.002992215707908457	0.0016515799761032477
0.390845538839593	0.31513910127266126	0.24090958609017163	0.17398293864992062	0.11879483066727058	0.07706291154961338	0.04785508325013446	0.028688370600027272	0.016734810308929243	0.009562821756953768	0.005381590637923523	0.0029946983048747366	0.0016528070066329323
0.38546605890757185	0.310766675018544	0.23763276027167274	0.17173083246399556	0.11737112640787084	0.07622604032427373	0.04739036102008181	0.028440345742633176	0.016605586799713423	0.0094962758776467	0.005347420130455833	0.002977106000112559	0.0016436995115111219
0.3879536531563516	0.31283101469018815	0.23922060731051528	0.17285730539388386	0.11811041896381487	0.0766795157832234	0.04765416302460428	0.02858814248827643	0.0166864128138378	0.009539866675417279	0.005370767895851056	0.002989579534586632	0.0016503626189999857
0.3916901471791821	0.31600586806834285	0.2417303568735525	0.17469344312419233	0.1193564632348139	0.07747107671831005	0.04813112672246205	0.02886455677673207	0.016842359034187775	0.009626320300153922	0.005418174313598509	0.0030154029281685255	0.0016643742317621777
0.39271725686832676	0.31662051945114805	0.24198101141404482	0.1746856508875824	0.11921302882886659	0.07729065436528144	0.04797013155771219	0.0287431201890119	0.016759715478810812	0.009573787497295844	0.005386311660733391	0.0029967018777043966	0.0016536507190177572
0.3883360048300423	0.31277951007653393	0.23883830851344157	0.17230081049770085	0.11753300776916564	0.07618358216670727	0.04727968264689679	0.028330362019496468	0.016520482853397984	0.009438126131830472	0.005310537224657093	0.0029548149695494794	0.001630660860511625
0.38832022718362647	0.31279954557699197	0.23888444707554843	0.1723590676338221	0.11759018459226352	0.07623128441128148	0.04731508171451901	0.028354457941719532	0.016535876385386478	0.009447515512252428	0.00531607532428868	0.0029580031223843703	0.0016324642402118883
0.3900514242323289	0.3147122203638818	0.2407978470195501	0.17408464890276645	0.11899655951739675	0.07727697836587194	0.04803445041447945	0.028819472173519236	0.016822430458146673	0.009617893594319653	0.005414747710722326	0.003014062135853055	0.001663872227897594
0.3881194738090137	0.31280261260475933	0.23904436063699439	0.17260357216554478	0.11784804406564749	0.07645446498768228	0.04748431919204298	0.028471251484346646	0.016611176136109004	0.009493735061103667	0.005343457280756822	0.0029738156981909706	0.0016414287263683443
0.39072655759810115	0.3153413977441944	0.24134584981609147	0.17452678073272807	0.11932644768752407	0.0775058847223376	0.048183728793827846	0.028912101919810716	0.016877767562545394	0.009650035732927767	0.005433039536369417	0.0030243196537572447	0.001669563767985968
0.3854965156533993	0.3112230530454158	0.2383855766127765	0.17260104113458494	0.1181937210031775	0.07689958410629268	0.0478851729461603	0.02877525217834601	0.016818828784459495	0.009626081696484273	0.0054238859412752746	0.0030210894265045255	0.0016685651629406585
0.38256200816843194	0.30784166488895254	0.23490483342829122	0.1693973513259589	0.11554298283536009	0.07490597619464655	0.04650161593666283	0.027874854519696752	0.016261123722573923	0.009293191480229153	0.005230531600273855	0.002910997758910242	0.0016067838723773872
0.38365902142832675	0.3092569841512564	0.23646168701082174	0.17089152242108527	0.11681379624010853	0.07587976381258005	0.047186217650984096	0.028324458731439132	0.01654142249035915	0.009461283767672475	0.005328496708255126	0.002966914539802006	0.001638219764825842
0.385204188360274	0.3105584033967902	0.23748092807492624	0.17163007096423674	0.11731017298126425	0.07619211650340167	0.047372733096267286	0.02843164802920829	0.016601444574751247	0.009494343988495448	0.0053465270209996215	0.002976692765315536	0.001643506741695673
0.38762311161931656	0.312738085955997	0.23931810761871883	0.17306764175959344	0.11835385071782803	0.07689948005910044	0.04782508978275579	0.02870792853351908	0.016764435139997775	0.009588094947586482	0.00539948106774255	0.003006219094614011	0.0016598197070317908
0.38967784926960186	0.31445510854841013	0.24064955136320634	0.1740208889398725	0.11898571607165806	0.0772911298197654	0.04805533997633991	0.028838252709776836	0.016836387101315752	0.00962723153894626	0.00542059758157069	0.003017569960272532	0.0016659133738678325
0.38615153747977693	0.31137772884782694	0.23814210687225093	0.1721250555478038	0.11765440469241271	0.07641626615766292	0.04751103948859526	0.028513559292561174	0.016648544573762532	0.009520878449023457	0.005361269930110096	0.0029848085098875725	0.0016479467235471594
0.3829260408463326	0.30849454910059315	0.23573185307865457	0.17025405720353437	0.11630605750484495	0.07550836176087893	0.04693365354588573	0.02816252356985645	0.01644220901462722	0.009402536101013492	0.005294573792263233	0.002947682639121401	0.0016274612815042617
0.3879823293728316	0.31254950919638247	0.2387203882821742	0.17226619975401986	0.11754669935784229	0.07621624731175831	0.0473133731777077	0.028357419194123372	0.01653953033861933	0.009450483495613733	0.005318131546780229	0.002959311811914999	0.001633255182657985
0.3887775252287878	0.3140363006534753	0.24063441132452437	0.17426758725166158	0.11934048457800998	0.07763838584606872	0.04833636112899907	0.029039933882880318	0.016969745959153102	0.009710494049072019	0.005470509265023685	0.0030466328845686662	0.0016824873080690404
0.3930725284509918	0.31705771223849993	0.24244961883667054	0.1751281866862919	0.11958523183958278	0.07757349386398159	0.04816768814720088	0.028872199258444784	0.016839863785832333	0.009621700953425742	0.0054141685578766256	0.0030125729344340564	0.0016625609269248544
0.39105457966943435	0.3152163674748292	0.24087940372585792	0.1738868320437597	0.11867619274067737	0.07695304367408701	0.04776869169134414	0.028627440124159832	0.016694977638299056	0.00953814521340849	0.005366878746723052	0.002986164908835054	0.0016479541264978028
0.3901484598768293	0.3142350919694489	0.23991217534029058	0.17302434300168848	0.11797940318756002	0.07643850662058019	0.04741661610932805	0.02840078974636566	0.016555748677940147	0.009455559444801264	0.005319135174555338	0.002959076100911663	0.0016327920615845848
0.3872117546279373	0.3122443246064854	0.2387963786509409	0.17257895675158946	0.11794463258683019	0.07658914740239962	0.04760847866743437	0.028566396773499	0.01667652541534822	0.00953551914538686	0.005368900730100929	0.002988790076834407	0.0016500319334885097
0.38928000059003737	0.313907140782078	0.24002519027901664	0.17340860186528909	0.11845760201620449	0.07688265335610452	0.047766362818999715	0.02864766764153409	0.016717230310952704	0.009555635523223806	0.005378815320689825	0.00299369927631047	0.001652484780808184
0.3919590885515397	0.3162883426648242	0.24200279151276333	0.17493268650009644	0.11954769164995245	0.07761123983690588	0.048226533305973256	0.028925746507055202	0.01687984622958903	0.009648512862688094	0.005430985620776565	0.003022664152129605	0.001668435302778226
0.38712756904190576	0.3118827846572972	0.23824724662660304	0.17196358244310436	0.117372629965483	0.07612581871081722	0.047270650033236244	0.02833898177612933	0.01653230104838694	0.00944798299272499	0.005317446185379101	0.002959240165541851	0.0016333456321164076
0.3907077296947125	0.3151498516230243	0.2410344382306932	0.17416877627748056	0.11898923515025142	0.07723058213023519	0.04798199688995301	0.028775862046491907	0.01679117906527308	0.00959740467667419	0.005402071595871687	0.003006522686307265	0.001659509246920884
0.3906408540180009	0.3145913176824356	0.24013731753440717	0.1731433971024515	0.11802737884076427	0.07644787875457963	0.047409962636877315	0.028390336612398096	0.016546545852638605	0.009448889326848156	0.005314764880228379	0.002956382188000777	0.0016311961336670801
0.3897835128687141	0.31465061025119795	0.24090055802264343	0.1742831465414919	0.11922073816006562	0.07747747408222702	0.04818940016556991	0.028927704404708907	0.016892776297993406	0.009661313258391478	0.005440571533956595	0.0030290163382800926	0.0016723669558777565
0.38924852411070837	0.314161928013704	0.24048304067413445	0.17395220940464573	0.1189776574964266	0.0773110463711458	0.04808206422779455	0.02886169524306432	0.01685362123537963	0.009638695594035025	0.005427754466200141	0.0030218520135917256	0.0016684013537684882
0.38353638128457407	0.3091912652065426	0.23644459906851725	0.17090729354884016	0.11684495919160959	0.07591283768605386	0.04721395724606644	0.02834475843493099	0.016555005693738786	0.00946983020498346	0.005333646773363642	0.0029699243085318946	0.0016399406042954682
0.3898725769983565	0.3145185880067743	0.24060680973660303	0.17391399253395384	0.1188583744708925	0.07717469262208526	0.04796430460358432	0.028774228985971925	0.01679459476533032	0.009601362274805401	0.005405181873853395	0.003008630833023303	0.0016608306345437074
0.3915682088195256	0.31555739048517456	0.24106218562218895	0.17395017539163526	0.11866844208018743	0.07691539313738327	0.04772688055551332	0.02859293104652959	0.016670350691219686	0.009522042666220362	0.005356934658153047	0.0029802580278382655	0.0016445390391951705
0.38699642500630604	0.311795843173954	0.23820070073032495	0.1719474703787267	0.11737462161267007	0.0761354280337008	0.047281323949842184	0.028347797136125664	0.01653859625390003	0.00945210168357768	0.00531999098038668	0.0029607524233238943	0.0016342202336471399
0.38658956453629995	0.31133120856875995	0.2377255860948092	0.17151255993689668	0.11701647645935395	0.0758671745209711	0.04709580568211459	0.02822741078105189	0.016464199847712673	0.009407774308813274	0.005294279327904322	0.002946127946176168	0.00162601964122604
0.38977923153907446	0.31415877773325174	0.24006727059247104	0.17331214854240204	0.11830026345496286	0.07672329623406139	0.047635540419348345	0.0285531078431413	0.016654458724303628	0.009516353961893056	0.005355234524673114	0.0029799559157706163	0.0016446424789500742
0.3851233428178068	0.31061863368868814	0.23764570729485307	0.17184588218933355	0.11752567968776899	0.07637386869246822	0.047508640523356724	0.02852468056400438	0.016661127662973802	0.00953086231417339	0.005368116800959294	0.0029891430352706545	0.0016505582728106524
0.38999626819338296	0.3144250922192523	0.24035218574493392	0.1735809050280534	0.1185261780224823	0.07689494457085395	0.0477554462872436	0.028631471053390308	0.016703130498084303	0.00954545863667938	0.005372160179727523	0.002989601036190986	0.001650058255858674
0.3907002901292909	0.315136009612382	0.24101664911223278	0.17415019801381446	0.11897260395441422	0.07721741261936735	0.047972534584821744	0.02876955552187758	0.01678720729116842	0.009595005950569883	0.005400666624254475	0.003005717906840691	0.0016590556573703825
0.38860883372551047	0.3138099857784128	0.24037958777461602	0.17401906633984682	0.11912661494202828	0.07747306345792684	0.048219379298922435	0.028962742587609162	0.01692145692002804	0.00968146406826211	0.0054535604328199766	0.0030369464619937206	0.0016770366952708743
0.38689159490984043	0.3112715026651471	0.2373924754849827	0.1710382023187269	0.11652882092510802	0.0754506304212651	0.04678243743004765	0.028012261552716487	0.016325970145498577	0.009323132393639752	0.005244219771093496	0.00291725435107726	0.001609664744255464
0.3908743834375967	0.3152650414019206	0.24110142863191186	0.17419821653699094	0.1189950556477073	0.07722511349235081	0.047973327685350994	0.028767942033997407	0.016785254614477694	0.009593427595169438	0.0053995753757892775	0.003005024111381477	0.0016586365993996163
0.3892722478877035	0.3142784667934277	0.24066313754690974	0.1741557237402327	0.11916788374668014	0.07746576575670931	0.048195224521596434	0.02893804714094421	0.016902125540693255	0.009668171776757415	0.005445096582180731	0.003031818018205228	0.001674031674130838
0.38713702439683556	0.3119368566843209	0.23833173731948268	0.1720592072215951	0.11746191845074702	0.07619831033166073	0.04732357179913403	0.0283746318029155	0.016554919169744126	0.009461714342996586	0.005325518868041295	0.002963876717603776	0.0016359639916497654
0.38601457825196617	0.31074200261516155	0.2371686725922379	0.17103137695825624	0.11663675431337242	0.07559157587792611	0.04690959099808177	0.028108629953917833	0.01639171909214048	0.009364989116833073	0.005269631895711611	0.0029321793503338978	0.0016182270095282355
0.38549595184872754	0.3107225400250696	0.23753473305684583	0.1716078500097741	0.11725056128036916	0.07612538462198908	0.04731556669510255	0.02838936013677992	0.016572971885721557	0.00947636006832891	0.005335662782343075	0.0029703328655204145	0.0016398662485558543
0.38773341495749786	0.31234558178938093	0.23856603436568768	0.1721587962665737	0.117477768726045	0.07617499522327346	0.04728999135754163	0.028344658465686404	0.016532726192486934	0.009446898702481882	0.005316250911063102	0.002958324760214781	0.001632735621017127
0.3902677780959105	0.31443519200668063	0.24015981597201624	0.17327783176711048	0.11820345467998734	0.07661436575153852	0.04754217152425802	0.02848408418879819	0.016608028793121968	0.00948705530795331	0.00533754929167536	0.0029696098462822307	0.0016387233164522565
0.38974079634823666	0.3140888997577317	0.2399782427333811	0.17321964177125335	0.11821774494693424	0.07665812616863504	0.04758880917324661	0.028522008616015764	0.01663489455974979	0.009504547968352947	0.005348323699418191	0.002975999062657354	0.001642413027357147
0.3906600310868737	0.3148936343736293	0.24063573627652238	0.17371789410173658	0.11856828830771884	0.07688884612824445	0.047732548610586484	0.028607857346771418	0.016684612554323963	0.009532722992522714	0.0053640526954184435	0.0029846901707624215	0.0016471816429732746
0.3869637406732733	0.31178061645538674	0.23820003301822804	0.17195618462864803	0.11738717146061356	0.07614768820130301	0.04729122297975386	0.028354887028533535	0.016543276700276874	0.00945502024604757	0.005321738859885492	0.0029617694781400865	0.0016347999380299594
0.38839439940504256	0.3126370548378784	0.23855186892912736	0.17195089094292368	0.11719463441161804	0.07590362443163144	0.04707301685385298	0.028190177327101665	0.016431142820887916	0.009383725264002357	0.005278489092748698	0.002936381707144797	0.0016202406558314727
0.3879352723493518	0.312608885906285	0.23885742946531385	0.17243941127823967	0.1177168471931259	0.07635831367683307	0.04741887227468246	0.02842927398131391	0.01658545605537211	0.009478506534818996	0.005334664942740262	0.002968831732637864	0.0016386409910467343
0.38837442829652885	0.31320699903377963	0.23953468619686802	0.17310083753449373	0.11828566693260248	0.07679732590712754	0.04772896135390562	0.028633548008980065	0.016713065799974107	0.009555136090434613	0.0053793656992081095	0.002994362003566705	0.0016530000449155146
0.38436843745351523	0.30945923714073154	0.23625902840432858	0.17044976427358433	0.116302108199232	0.07541753574129688	0.04682718078978492	0.028072923214352827	0.016377618319271228	0.00936004229284651	0.005268225055558699	0.002931987385703129	0.0016183690651013045
0.38814087326774	0.31318208040942336	0.23967293953031127	0.17333046312567424	0.11853458551478614	0.07701584791372408	0.047896122277061554	0.028749585635915748	0.016788183491720576	0.009601377356478815	0.0054068173914800285	0.0030102386103163874	0.0016620106150228716
0.3867161185279528	0.31216931643744106	0.23905218412352508	0.1730226500866302	0.11843188917983755	0.07701966087236455	0.047939093459489664	0.028796500276550348	0.01682575870468421	0.00962750639387862	0.005423562587067818	0.0030204257958920244	0.0016679956173982753
0.3883859096995519	0.31258383144855517	0.23846821111412828	0.17185616087492864	0.11710628279049212	0.07583201693386077	0.04702083447877285	0.028155082643924977	0.01640890746727062	0.00937024105464934	0.005270568439884852	0.00293183541931595	0.0016176745220525253
0.3889490554101425	0.31368128009960267	0.23989696830632287	0.17335566048980336	0.1184512247701045	0.07689773432740671	0.04778667186046801	0.028665488066262394	0.01673032843187518	0.009564345732054095	0.005384251529954659	0.0029969511047332445	0.0016543738466798094
0.387087645498339	0.31175110789389787	0.23805458110049119	0.17175095567054752	0.11717667196497858	0.07596796364397355	0.04715599063894521	0.028262006523639555	0.016483579938492407	0.009418454182442186	0.005300106921004878	0.0029492899215819994	0.0016277300203840655
0.3889250929347392	0.3132088008973287	0.23911308081376065	0.17244964785970437	0.11759650092122022	0.07619977401811043	0.04727535199502004	0.028320288036947642	0.01651100546419048	0.009431070487974867	0.00530584893166171	0.0029519007916008564	0.0016289252038077548
0.38136103375656105	0.3071660514557304	0.23468166514739836	0.16948488756571242	0.11578295678357066	0.07517508011439544	0.04673215743971686	0.02804535299840018	0.016375893693864874	0.009365669106737029	0.0052743103056864275	0.002936623490631453	0.0016214515471679324
0.38920850676940594	0.31367230749259084	0.2396813669184121	0.17302873887331663	0.11810714147836657	0.0766000841312031	0.047560975817777976	0.028509716071539556	0.016629885274081557	0.009502685704226573	0.005347718654710763	0.002975852501439236	0.0016424119462276122
0.38751601211484354	0.31251235676712247	0.23901699158707324	0.17274751162182608	0.118064229337156	0.07666851556787725	0.04765830077808617	0.028596350045969096	0.016693968441241595	0.00954544840139855	0.005374463503767647	0.0029918722678898835	0.0016517266250426531
0.3924584778208002	0.3168547705036921	0.24258016677920213	0.17546058734325187	0.1199823228662379	0.07793682652299828	0.0484517413621237	0.029071903330977995	0.016970170059492178	0.009702328168035358	0.0054621985442397285	0.0030404163363188185	0.0016783890195229193
0.3900431118156883	0.3143253717488257	0.24014661260334544	0.1733277715821547	0.11828027787138638	0.07669085716500484	0.04760444644267031	0.028528876159583116	0.016637668092917487	0.009505562762241473	0.005348642403327897	0.0029760681170138844	0.0016424056918947884
0.3904817922563063	0.31527634123531084	0.2414248788081698	0.1746909660154081	0.1195150692266677	0.07767584709348736	0.04831561749229268	0.029004453392812525	0.01693788682936459	0.009687182496455336	0.005455148560488894	0.0030371291376850265	0.0016768427875344495
0.387908289212188	0.31227583926153635	0.2383132404748135	0.17181414264885483	0.11712896418362093	0.07587932788137369	0.04706852133998742	0.028193010520458903	0.016435465643408885	0.009387414327137012	0.005281099480867834	0.002938061918218222	0.0016212629844509596
0.3893163204409949	0.3136923825524068	0.23963231249891498	0.17294026859493114	0.1180091956060872	0.07651338926104377	0.0474944162052225	0.028463435429790736	0.01659990225370139	0.009484222317849298	0.005336756074674746	0.00296951200261207	0.0016388134389989134
0.3890033940609369	0.313819731179349	0.24009042868659405	0.17356551622615074	0.1186431083538013	0.07705170020558594	0.0478982751457011	0.02874032575797133	0.016777664650744994	0.009593023109254669	0.005401086165275246	0.0030066099280663997	0.0016598242596527469
0.3854303976244282	0.31059311500771175	0.23736549014705297	0.17142970748149058	0.1170903699531143	0.07599814723107465	0.0472239344910478	0.028328176176155875	0.016534382575703416	0.00945302737300065	0.005321984142410101	0.0029624921967804268	0.0016354447639522107
0.38242215954892456	0.3077046563289895	0.23478004855907747	0.16929269879668468	0.11546230212408458	0.07484845876210176	0.04646327572130273	0.027850644859594043	0.016246461531923544	0.00928458442881515	0.0052255935999713735	0.0029082116514281735	0.0016052308201239748
0.3912237536148908	0.3155891781066122	0.24138245392642796	0.17442392887888056	0.11916275600792632	0.07734104078516986	0.04804868498867542	0.02881457885566693	0.01681305673583023	0.00960954969203288	0.005408738759667273	0.003010157759209855	0.0016614830384845296
0.39045741024552394	0.31518353630325324	0.24128568746070114	0.17453543993295392	0.11937054220428649	0.07755871088353575	0.048230145697659724	0.028946878090110505	0.01690135394535855	0.009665000490460688	0.00544210617408926	0.003029637547483044	0.0016726118435505324
0.3837158504136565	0.30880499727204747	0.23565146213934787	0.169932039317807	0.11589786661191999	0.07512647631247467	0.04663168229112818	0.027948763436697478	0.016302097145738735	0.00931556651143597	0.00524264752436605	0.002917530540079663	0.0016102998947054145
0.3860289876165349	0.31132476172898493	0.2381467089556871	0.17216617791726213	0.1177096563388545	0.07646911060988552	0.04755331534107227	0.028543697789118184	0.01666839005391959	0.009533235000537507	0.005368663332446298	0.002989108083504286	0.0016503964746540328
0.38764181869196795	0.31266717702940755	0.239183017585783	0.1729044852242738	0.11819648995674772	0.07676923486828238	0.047728804495976364	0.028642509038762153	0.016722679941439167	0.009562637199243848	0.005384468550743568	0.0029975775807990087	0.001654931842108069
0.38809007713210353	0.3125160426712065	0.23858068808578173	0.17207244193593005	0.11734930178712101	0.07604833877895674	0.04718733813026146	0.028271002267699765	0.016484055817694725	0.009416534076308991	0.0052980607786062	0.002947738503075267	0.0016267010070190172
0.3878014705724473	0.31250314161885656	0.2387810343445212	0.17238933707779097	0.11768705103553058	0.0763420830136616	0.04741066870688686	0.02842536735032659	0.016583677588495684	0.00947772283139781	0.005334327241243071	0.002968688274690612	0.001638580513127061
0.3861362418687847	0.31074958295972294	0.237088117574407	0.17090263568963332	0.11649922414832245	0.07547189358054508	0.04681859019221354	0.028045734341543574	0.01635113181272667	0.009340061695405612	0.005254858197614811	0.0029236454308943635	0.0016133879847055005
0.3872815935296993	0.3124107704922232	0.23902543351741132	0.17282582971054172	0.11816963448494923	0.07676937913549935	0.047739003695624484	0.028653882809025685	0.016731849786123656	0.00956903271608298	0.005388573714191404	0.0030000773396645906	0.0016564013116168441
0.3871814104739947	0.312297855781828	0.23891084271214288	0.17272136071947322	0.11808376868185652	0.07670510823605065	0.04769455766773903	0.02862503495706666	0.016714017420862638	0.009558404897582726	0.00538240778046281	0.002996569613159305	0.0016544341085316843
