r0	r1	r2	r3	r4	r5	r6	r7	r8	r9	r10	r11	r12
0.32797585550071895	0.25911881439890794	0.1942210290954927	0.1378212471866045	0.09275792326386877	0.059520890650553875	0.036679254049317	0.02187668074015691	0.012719871751758226	0.007253916196089267	0.004077221907589215	0.0022671746900903246	0.0012507185070517516
0.32863026973107473	0.2595819829488454	0.1945110377617244	0.13797744301514336	0.0928267554636529	0.059542072795020856	0.036679371019876755	0.02187011505652245	0.012712881800388902	0.0072484899505068446	0.0040735425332428625	0.002264860985656465	0.0012493304186814316
0.3266410107808969	0.2582172640095537	0.19370010089296075	0.13758227544888565	0.0926910610333614	0.05953681544781818	0.03672190839008826	0.021918868307550292	0.012752373736079004	0.007276058834469817	0.00409124068096711	0.002275637897971976	0.001255665628162911
0.32363917109380747	0.2559100443451026	0.1920703325891009	0.13652815004659885	0.09206436909674094	0.05919072395914821	0.036541722614167306	0.021828987302710955	0.012708750410667737	0.007255181439784892	0.004081281400989791	0.0022708638296520395	0.0012533533481536745
0.3306899083328256	0.26117422209636076	0.1956433332553859	0.13871590969505426	0.09327054100257055	0.059790654560850344	0.03681118559413436	0.021937388993379176	0.012746436369366194	0.007265054522890214	0.004081713773538416	0.002268915115577625	0.0012513611617380258
0.32629982747772457	0.258045173349156	0.19366247445402243	0.1376289704187737	0.09277348242093497	0.05962084007660713	0.036790747878746165	0.021968503046383602	0.012785271598991465	0.007296631788086155	0.004103589141019908	0.0022828360432341752	0.001259774247112473
0.32487922083952375	0.25682281101865595	0.1926776903706808	0.1368893937179616	0.09225482374825932	0.05927876080322868	0.036576372226882474	0.021839445358127808	0.012709891845093085	0.00725356938581395	0.004079379004641927	0.0022693798373730084	0.0012523561680506748
0.3282036683637006	0.2594932976436442	0.19467081154993945	0.1382685690343237	0.09314395154602757	0.05981852173947639	0.036889167033722275	0.02201485970897567	0.012806197959595565	0.007305786272426424	0.00410750513100594	0.0022844858538661663	0.001260462766729888
0.3270198929567998	0.25884106790273614	0.1944505818587908	0.13833009146209288	0.09333774468332874	0.06003642441037331	0.037074918822623926	0.022151607274715896	0.012897960984272198	0.0073636246658231085	0.004142403856330879	0.0023049022182472585	0.0012721455180220826
0.3248361272582163	0.2570698971321921	0.19311322301100167	0.13739224544026868	0.09272424571133385	0.05965829477972313	0.036852471275884056	0.022025071642364127	0.0128275878090907	0.0073250363173983256	0.004121420212873853	0.0022935442624176946	0.001266012274744108
0.3258863655263444	0.25784193863139493	0.19362570207355068	0.13769570750122961	0.09288293879649931	0.059730522142618335	0.03687997422266258	0.022032608072741874	0.012827675337196198	0.007323117366120991	0.004119474402232861	0.0022920912199925333	0.0012650552105806377
0.32420709005046244	0.2564702988159716	0.1925813872265396	0.13695641632255617	0.09239430983536454	0.059426093451689005	0.03669895328315266	0.02192858492020853	0.012769286921103197	0.007290842979883102	0.004101805601906431	0.0022824748649177607	0.0012598396868247642
0.33048610207070206	0.26140973262823963	0.19617443952527727	0.13936730192594998	0.0938939501100904	0.06030077104404239	0.03718455851995222	0.02218921559651619	0.012906372618089723	0.007362254673140091	0.004138918419850725	0.0023018026644588438	0.001269949099928894
0.32588542144822263	0.25746740639814936	0.1930133713712037	0.13700546466425578	0.0922462069196343	0.059219389231145274	0.03650990341044149	0.02178462622995854	0.012670815448887563	0.007228033004019679	0.004063610020208367	0.002260010928147531	0.00124693775497652
0.3259379847353803	0.2576098834060531	0.1932088228328981	0.1372119426679461	0.09243046809307523	0.05936442969131994	0.03661360181649723	0.021853527809540536	0.01271414408633977	0.007254189349098062	0.004078932248927128	0.002268791111638639	0.001251888784949852
0.32614009146633294	0.258270155118867	0.1941458861271024	0.1382169842003422	0.09333552321607336	0.06008124580713707	0.03712837968785182	0.022196687100455113	0.01293046091932343	0.007385007236469814	0.0041556654686892795	0.002312804601642492	0.0012767251030684303
0.32926864938306316	0.25987256234165895	0.19453064333828757	0.13783387783429268	0.09262190699886	0.05934523035879579	0.03652257427514511	0.021758896667447538	0.012639936983079027	0.007203196482250089	0.00404649050639386	0.0022491471888331257	0.0012403837471085817
0.3251652016039291	0.25737702824413206	0.19338075010402814	0.13760818712109432	0.09288572147175495	0.05977083045484284	0.0369263056246196	0.022071203473662607	0.012855337028463141	0.007341255796298439	0.004130700546766648	0.0022987715661472287	0.0012689230158687839
0.328302348325742	0.25938023475950306	0.19441531844101395	0.13795500561074708	0.09284366228271897	0.05957262683345519	0.036709055729920635	0.021893298371485185	0.012728948033768893	0.0072588150978472096	0.0040798505776648815	0.002268582072639978	0.0012514718767465498
0.32671531815931876	0.25835365406448224	0.19387019439443368	0.13775466221800936	0.09284152223504873	0.059653696632199715	0.03680477640034171	0.021973624204938404	0.012786676436957875	0.007296711687361529	0.004103316319959733	0.0022825483821027268	0.0012595585865733396
0.3269129524512463	0.25842433922895375	0.19384452214074835	0.1376741010762545	0.09274443110818945	0.0595654323500237	0.03673625241942193	0.021925687333279483	0.01275549071907035	0.007277445364674825	0.004091847024400046	0.0022759008078282236	0.0012557794804918837
0.3254710365493935	0.2574342718822956	0.19325534424355853	0.13738636753811959	0.09264525932336475	0.059561339108379074	0.03676715637285544	0.021961244082162597	0.012784347365897177	0.007297615022836281	0.004104806685854507	0.0022837974443871527	0.0012604237344835507
0.3258423918327828	0.25771700860517344	0.19345253140484528	0.13751173482187465	0.09271809752382545	0.059600356827637	0.03678667671848903	0.021970494789838094	0.012788555931128176	0.007299474629511282	0.004105612548649139	0.002284142712917264	0.0012605709862422523
0.3289567360384093	0.25997363502631743	0.1949182505718405	0.1383508897199206	0.09313317658813844	0.059770589366865357	0.03683690778811654	0.02197217455118668	0.0127759233882649	0.007286061958392303	0.00409534941375666	0.002277273562659097	0.0012562956066694306
0.3298786178896773	0.26076813771960816	0.1955589426042938	0.13883219689431492	0.09347063750229709	0.059993036697930435	0.03697621461802729	0.022055980548039845	0.012824841716058724	0.007313992895352958	0.004111045829898666	0.0022859948903367015	0.0012611022500481947
0.32954809829456627	0.260435035611649	0.19525030341551103	0.1385707289069787	0.09326775215995914	0.05984765373165347	0.03687883426457277	0.021994198155356207	0.012787256067049182	0.007291840319132902	0.004098292784646659	0.002278779026698316	0.001257070842515557
0.32759033818036065	0.25887662753512863	0.19410032387234846	0.13778570551499975	0.09276941804249979	0.05955014951410135	0.036709377623285834	0.021900765721424686	0.0127367703970247	0.007264856737123394	0.00408393761893436	0.0022711488312965413	0.0012530105943214895
0.3265170628751441	0.2578091809059218	0.19312147051606326	0.13696303447511318	0.09213488090429488	0.059097459112357816	0.036407128553454786	0.021709448262433297	0.012620574142753579	0.00719645325690455	0.004044591944428128	0.002248900160758726	0.001240586090142945
0.3286510704198426	0.2596376584646002	0.19458719203670144	0.13805773642103183	0.09289827959437907	0.059598274801582835	0.036719489053726975	0.02189673401137259	0.012729601655251612	0.007258573861697918	0.004079445306232857	0.0022682415810010986	0.001251235876913046
0.3277624105571649	0.25878598732635344	0.1938294466310714	0.13743614203371277	0.09242793639172338	0.059267704950238684	0.03650130771677682	0.021759839870955987	0.012647010885134476	0.007210195985393518	0.004051722027972468	0.0022526084380336303	0.0012425236763529985
0.32758185982101046	0.25899123970594057	0.194293904449159	0.1380060575313466	0.09297351536867858	0.05971428505071731	0.03682830699449256	0.02198048119727045	0.012787196152257147	0.0072954217811949055	0.004101893739705869	0.002281459258147524	0.0012588329785294097
0.3267305915115312	0.2584568568855955	0.1940282798411742	0.13792903560224742	0.09300072221194947	0.05978075672738405	0.036896445199730114	0.02203490952709032	0.012825381885307057	0.007320148547707812	0.0041170755144266874	0.002290445314700911	0.0012640166440263463
0.32818222697187655	0.25959140533552644	0.19484682528036332	0.1384727043025799	0.09333476454592406	0.05997280192049679	0.03700134414304331	0.022090226222932906	0.012853950660542885	0.007334764514712477	0.004124543089481914	0.0022942748722956934	0.001265993076951196
0.32692773478527365	0.25847264267140624	0.19391300110727352	0.13774743906479783	0.09281036390442185	0.05961756645073054	0.036773636444628846	0.021950576414371568	0.0127711637308654	0.007286915873042953	0.004097398581151284	0.002279083599836747	0.0012575748444127793
0.32777396024018635	0.2591694129071606	0.19444811198148124	0.13812974340733666	0.09306545048257822	0.0597780100646672	0.0368699221197397	0.0220063822367911	0.012802728057904127	0.007304478301173003	0.004107066019152252	0.002284368533497049	0.001260451249596927
0.3279732295555568	0.25959164684645636	0.19499713109739525	0.1386972322733065	0.09356637243438459	0.06016990819782088	0.03714908900342596	0.02219144146516069	0.012918922949357911	0.007374548029640046	0.004148082057744055	0.002307859788394293	0.001273692627680694
0.3240993443829675	0.25645424173539955	0.19263226731025052	0.137042111636609	0.09248600194224993	0.05950551955113999	0.03675911111903161	0.021970076914821803	0.012796045671913416	0.0073072817806296795	0.004111555105615612	0.002288111216812281	0.0012630382178566255
0.32631300630331367	0.2582031635124272	0.19391186414870978	0.13790702547837502	0.09302875337237658	0.05982526702861779	0.036938567167996254	0.022067483795963464	0.012847854532010051	0.007334557827604766	0.004125867798129929	0.0022956281733586626	0.0012669980854816574
0.327290232222017	0.2588619939231676	0.1942910342773792	0.13807905806697834	0.093074520918541	0.05981064155553464	0.03690490941712891	0.022034803438533868	0.01282283698526155	0.007317563395377951	0.004115124618243579	0.002289147993234746	0.0012632120776349175
0.3270353497582423	0.2585402204713681	0.19394663479024915	0.13775725979485623	0.09280702391289648	0.05960926007460097	0.036765103602019567	0.021943756157320755	0.012766377744714568	0.0072838165311585905	0.004095495608324466	0.0022779572376861075	0.0012569251011777965
0.32760470708896267	0.2586833636113282	0.19377421657880575	0.13741494804302665	0.0924264436884627	0.05927465752891451	0.03650997020734407	0.021767223677655254	0.012652353899665458	0.007213716014913108	0.004053906131871878	0.0022539100159956727	0.001243277925313551
0.3256918312896433	0.2579003422043288	0.19386109787172018	0.138012850955681	0.09319884029070526	0.05999498320106907	0.03707645408643925	0.022166514461095046	0.012913359558651086	0.007375476543232248	0.004150412641286676	0.00230993030662406	0.0012751596166759567
0.32814239065279976	0.25964139403225445	0.19495730016730656	0.13860784322387415	0.09346415395980896	0.06007882774984462	0.037079078361400376	0.02214273901703711	0.012887347968973856	0.007355084508037143	0.004136512612993885	0.0023011610388076263	0.001269887165472751
0.3291963304673408	0.259963090182557	0.19472997263615696	0.13807666169459065	0.0928533138221097	0.059534034855347986	0.03666046885481838	0.02185175132838268	0.012698838577035675	0.007238961785471168	0.004067525552145969	0.002261234690552945	0.0012472131816176847
0.3251251825971273	0.25726945800197576	0.1932330918878663	0.13745184397428922	0.09274580574596616	0.059660379894787646	0.03684713070998866	0.022018479021548423	0.012822121361381097	0.007321175884027887	0.004118925006161392	0.0022920181777077936	0.0012651125049938834
0.3238495271052401	0.2561579252457635	0.19232571387766334	0.13676135825044342	0.09225545860700855	0.05933326659227873	0.0366400919617955	0.021892798575130396	0.012748216836479094	0.007278729486396897	0.004094961494298892	0.0022786563838067607	0.0012577285793723503
0.32792518031462226	0.2590301683347236	0.19411229977283062	0.13771204664463174	0.09266319122359014	0.059447632482466706	0.03662749384564179	0.021842570593435594	0.012698546370777414	0.007241096475912257	0.004069734955079041	0.0022628938657275415	0.0012483084949574505
0.32689513584657315	0.2585972959539834	0.1941404672936322	0.1380125733437269	0.09305882700565289	0.05981878967605779	0.0369201198574439	0.02204908022082496	0.01283361929988441	0.007324836302963477	0.0041197030403890365	0.0022919022873477946	0.0012648183943661782
0.32728430914139917	0.2589171698919944	0.1943856688059356	0.13818741065013768	0.09317524385982771	0.059891857831944215	0.03696387713509003	0.022074390397296757	0.012847908837794249	0.007332774357234077	0.0041240667863549465	0.0022942852318575077	0.0012661142241489713
0.3265040083966053	0.2581161818820372	0.1936326431643761	0.13754198776418872	0.09266968188535904	0.05952681880222643	0.0367178815896731	0.021917576581177375	0.012752159205022661	0.007276182077643573	0.004091417988431275	0.0022757826716036486	0.001255764829863256
0.32473937615975856	0.25722019735343715	0.19342929018348182	0.13777513261912633	0.09308987149780337	0.059957839930074294	0.037072252142731424	0.02217369980440254	0.012922212931757344	0.007382662979907228	0.00415539143935795	0.0023131001531797295	0.0012770762673640153
0.3259072861734113	0.2578344647409756	0.19359846151310642	0.13765946626467523	0.09284703199105832	0.05970055638112571	0.03685775804980303	0.022017489678688645	0.012818011797925086	0.007317216914377465	0.00411598993313467	0.0022900829174435674	0.00126391802356539
0.3281426601281247	0.25949416697315936	0.19471590422824994	0.1383353619425984	0.09321259605566211	0.05987679938313022	0.036932772479499464	0.022044692150625537	0.012825328509213252	0.0073174911946254405	0.004114426678631852	0.002288478742489982	0.0012627251084894294
0.32864019634361785	0.2596901983689977	0.19468086076678892	0.13816602093201738	0.09299923611239913	0.059679721277625004	0.03677859781853931	0.02193638559483376	0.012754694650775597	0.007273786974850933	0.004088383556286244	0.0022733742098302095	0.0012541343896900286
0.32752876088742783	0.25886651627613	0.19412778253972934	0.1378326870697138	0.09281978737006458	0.05959374344605004	0.03674234055259509	0.021923460105585938	0.012751382516318018	0.007273821215730249	0.0040892484504326514	0.0022742164965764574	0.0012547503054984159
0.3273867286931828	0.25910380423172397	0.1946181332551687	0.13842306685432945	0.09338108323408471	0.060051899651998336	0.03707744071328681	0.02214948222005648	0.012894978258767354	0.007361126345857938	0.00414064966749156	0.002303777455540023	0.0012714625849788621
0.32754285287069657	0.2591803222023972	0.19463156571561271	0.13839726765889598	0.0933391306811898	0.060009940936962464	0.03704333239258129	0.022124985882365746	0.012878778070838702	0.007351009066955326	0.004134582234233207	0.00230024266688008	0.0012694457599264307
0.32673158742780656	0.25845589958019843	0.19402599799888973	0.13792619930892455	0.09299798788755903	0.059778507582405965	0.03689479221748414	0.02203379102038221	0.012824669697221326	0.00731971486093416	0.004116819891591335	0.0022902981855505208	0.001263933415350107
0.325310785343344	0.25766849565230726	0.19375444072963455	0.13799254031310634	0.09322449812942568	0.06003590679089373	0.03711528160763342	0.022196600191881646	0.012934147314914277	0.007388821321924142	0.004158562762026262	0.002314737907659353	0.0012779266058805438
0.3252548233883905	0.2573292139314085	0.19323810425911117	0.13742352148061882	0.09270460335439737	0.05962041317843956	0.036815080811100534	0.021995628090527655	0.01280707416544461	0.007311803967247518	0.004113314467335205	0.0022887534432895263	0.001263251283644897
0.326972989433759	0.258711628584737	0.1942720170190669	0.13814069042959498	0.09316814765512654	0.05990254154248033	0.03697897049493192	0.022087734839938845	0.012857736243440278	0.007339315141049278	0.0041281516570520925	0.0022967301596385037	0.0012675352988373528
0.325805726124753	0.25773873692560245	0.19351438418041125	0.13759114670527198	0.09279567805696538	0.05966462488560903	0.036834113370535555	0.02200268371682327	0.012809091074557109	0.007311996381638922	0.004113000197631038	0.0022883977768474576	0.0012629792181456838
0.32775680924427364	0.258839603562482	0.19392100891952577	0.13754056852337382	0.09252463849429138	0.05934540177629934	0.036557544678592215	0.021797496054673054	0.012670810661959823	0.007224611995114024	0.004060186471834328	0.0022574667315755147	0.0012452663438446993
0.32604157500281816	0.25779498796370315	0.19343766521596203	0.1374428906491797	0.09263155625261286	0.059520406979129324	0.036724083506392814	0.021926484137473133	0.012759829657365178	0.00728168776879338	0.004095007327963175	0.002277989091383294	0.0012570698870775293
0.32507224810248225	0.2570151293203285	0.1928544285171576	0.1370383009460133	0.09236997878102142	0.05936112349937484	0.036631489953102364	0.021874402152152653	0.012731156782812631	0.00726610369506516	0.004086595813529772	0.002273463755283362	0.0012546380694141825
0.32450066224704094	0.25687020839468744	0.19302644180993347	0.13738224390328976	0.0927539730401924	0.05969995904908087	0.036890676529601645	0.022054222155922665	0.01284755812107889	0.007337789339873672	0.004129182395009767	0.0022981124754221697	0.0012686372864257412
0.32600401385523864	0.2575803968143545	0.19311345408987216	0.13708730823948553	0.09230801002814405	0.059262773096101465	0.03653851792448042	0.02180257357520903	0.012681641603710877	0.007234374031572902	0.004067243717195368	0.0022620599722297475	0.0012480796796667383
0.3282012734828931	0.2592688684401572	0.1943054186883345	0.13785759605130785	0.09276556039952369	0.05951530767122448	0.036669984576242314	0.02186818939200305	0.01271352786943244	0.007249663231378149	0.004074554913284424	0.0022655744104766434	0.001249786878254254
0.32773239646432506	0.25898185668805324	0.19417094194376863	0.13782823491782978	0.09279228961683117	0.05956108972946189	0.03671397767563805	0.02190239543137263	0.012737179781578154	0.007264843959817714	0.004083822152798508	0.002271038352725818	0.0012529302778285546
0.3263058144020821	0.2582642585562951	0.19401718638835957	0.13802789663396098	0.0931413122774429	0.059916163974983665	0.03700464853057851	0.022111893686916993	0.012876005036121914	0.007351648071454264	0.0041359199483609905	0.0023014053593397327	0.0012702627166379134
0.32496128651859324	0.2570530198608046	0.19299587337536595	0.1372269085679181	0.09255693534532031	0.059517151404588436	0.03674715595552848	0.021953105591758688	0.012781458435536098	0.007296815029646453	0.0041047311638187315	0.0022839157951875092	0.001260556292562768
0.32735924920499093	0.25879763229357516	0.19413626244627039	0.13788646871453789	0.09288887474717537	0.05965800826558688	0.03679279635866877	0.021958981617567735	0.012774581147802947	0.007288189073339968	0.004097815994248428	0.002279187922667508	0.0012575787972987447
0.32602234803835584	0.2579723476241421	0.19374194907131134	0.1377913407140362	0.09295554849500481	0.0597817329556183	0.03691388409262727	0.02205394400707548	0.012840577388133734	0.007330688608529296	0.004123819291924702	0.0022945439392923535	0.0012664231957389652
0.32771173979372403	0.2588849161260429	0.19402719794980755	0.13767176712264093	0.09265055223029216	0.05944857990527083	0.03663313160289622	0.021848508883616936	0.012703224646283387	0.0072443186738150875	0.004071787665784565	0.0022641378565118947	0.0012490374799169303
0.3263351412251042	0.2582388314027678	0.19395445700148842	0.13794932810276347	0.0930652800437632	0.059853468264478495	0.03695848903813021	0.0220806179815916	0.0128560709944101	0.007339500190015771	0.004128755785386104	0.0022972801699868276	0.001267928447368448
0.3253737372159788	0.2571324133993845	0.19283088335459078	0.13693312679226122	0.09223827215632974	0.0592396609990407	0.03653649806204665	0.02180765946747485	0.012687614970896186	0.007239152892978801	0.004070530780325857	0.002264143808588425	0.001249336189132372
0.32504375698755	0.2574900057541523	0.1936534130015601	0.13794858712814595	0.09321498798190182	0.060042465582799964	0.03712644536304682	0.0222069152688337	0.012941895594338084	0.007394035781150884	0.004161841884630589	0.0023167095528945068	0.001279076182598404
0.3275038758035713	0.25880713474832073	0.19404843507864178	0.1377497864779152	0.09274625229435286	0.059536079233501196	0.036701218686536606	0.021896186878966068	0.012734254563977985	0.007263491615436948	0.0040832017897718224	0.002270753387022018	0.00125279827035146
0.3250845311173803	0.2574274295390522	0.19352136422039015	0.1377884030970873	0.0930618756132876	0.05991692733032867	0.0370342780257883	0.022144555667667157	0.012902178797885152	0.007369841290255665	0.004147576025304192	0.002308495946902032	0.0012744286810814245
0.32698245340123366	0.25878461293315597	0.19438487516666322	0.13826568128607608	0.09328255153316893	0.05999401556035145	0.03704505570490807	0.022131961948301634	0.012885690128968626	0.007356251572596703	0.004138098902173116	0.0023024410877887694	0.0012707600483246974
0.32852403533494384	0.25998194042612865	0.19524175113718287	0.13882893379339936	0.09362413194425999	0.060187270868918105	0.037148629246095626	0.022185412009590465	0.012912653564036036	0.00736971400239202	0.00414481337956932	0.0023058071098739086	0.0012724620203966544
0.32489283504755584	0.25690664546055586	0.19280516489617938	0.13702960040737558	0.09238264293321341	0.059380694254260166	0.03664988202750931	0.021888580147874894	0.012740920678907579	0.007272357397049336	0.00409040900711312	0.0022757104789793473	0.0012559300744107416
0.32876561468808685	0.2600003858260561	0.19509877570294112	0.13860426600035827	0.09338876562719865	0.05998555401816501	0.03699686075854052	0.022081213025375534	0.012845675740950855	0.007328666890312221	0.004120512779210365	0.0022917771382836576	0.0012645080620268614
0.326546912152358	0.25844727998932265	0.19414428746228496	0.1381082068048174	0.0931875575498485	0.05994062246449928	0.03701666658776587	0.022117447363464895	0.012878444570145066	0.0073526746549499615	0.004136335482881887	0.0023015670527025906	0.0012703227656810062
0.3246856811925706	0.2568624362120311	0.19288104612958765	0.1371694350004861	0.09253573607766477	0.05951461229742565	0.03675182578421011	0.021959095148456353	0.012786476181358844	0.007300374707221136	0.004107037591588716	0.0022853284754653317	0.0012613899716865007
0.32587984650111634	0.2581856412172547	0.1941943116118609	0.1383403997452272	0.09348021646270757	0.06021166752796939	0.037229332215136225	0.02226724658692769	0.012976360270880378	0.00741336968004405	0.004172554685742557	0.002322596333403443	0.0012822929997007943
0.3256298487809062	0.25765764235706734	0.1935075410634133	0.13762950880815245	0.09285149683911982	0.05971876115681868	0.036877516291857045	0.022033622192344046	0.012829459832023339	0.007324680664908425	0.004120592701311708	0.0022928153511136036	0.0012654974749457878
0.32637934966567794	0.2581964682326214	0.19385333693636345	0.1378235505954115	0.09294394880727141	0.05975360811208079	0.03688506007351274	0.022030909802470553	0.012824408983947757	0.0073202142031103265	0.00411738581148648	0.0022907348610744036	0.0012642254081579897
0.32805676400963935	0.2589289854300754	0.19385329416822017	0.13738666858953855	0.09234890697493442	0.05918930556293027	0.03643794093944758	0.0217145277804085	0.012617143964954109	0.00719159053048101	0.004040585254107326	0.0022461294948765173	0.0012388308984172887
0.3283726485768739	0.2593571101335664	0.19432735567324003	0.1378377305425011	0.09272766016573032	0.05947607240189433	0.03663766778645667	0.021844838549806057	0.0126980376761815	0.0072399732902204425	0.004068738294102108	0.0022621838605183246	0.0012478516923939908
0.3267088366159932	0.2582915060358258	0.19377309853399272	0.1376468635894959	0.09274281817382388	0.05957480487999559	0.036747815289783756	0.02193552657734653	0.01276260959954432	0.007282136679971838	0.004094758943387532	0.0022776366989429235	0.001256785691469998
0.32625292976135617	0.25808295901695116	0.19375794543240982	0.13774897813259726	0.0928897043425053	0.05971666701425908	0.036861274056708755	0.022016268385964523	0.012815703762406943	0.007315171264471276	0.0041145199078895965	0.002289128825608405	0.001263334527476593
0.32787869707918627	0.2595124959656345	0.1949351929884906	0.13865208276263438	0.09353562246724244	0.06015017718647291	0.037137026446352694	0.022184333887964827	0.01291484559602043	0.007372252617644762	0.004146806494726177	0.0023071572320934736	0.0012733080215833262
0.32829911494737535	0.2597130073168317	0.19496228078843508	0.13857238488128146	0.0934132618590414	0.06002970048209523	0.037039794828889645	0.022114786665441727	0.012868968898637216	0.007343650249364355	0.0041296732593207024	0.002297183810071983	0.0012676208376873803
0.3260200451577836	0.2577700546393633	0.19341225239162937	0.13741985540255036	0.09261278422842265	0.0595064627414234	0.036714491948739346	0.02192027798712429	0.012755998753492849	0.0072794054386028815	0.004093682922107151	0.0022772353145493925	0.0012566469376651319
0.3264992497925463	0.25841336886401306	0.19412288409984485	0.1380965375843805	0.09318230503787647	0.05993891575350572	0.03701655948120772	0.02211787168717961	0.012878926142158265	0.0073530564100070354	0.004136597056873361	0.0023017325536918523	0.0012704224490503627
0.32540742441940546	0.25735258985773846	0.19316711085870697	0.13730343772430373	0.09257603405628127	0.0595090589396785	0.03673077308660225	0.021937504998463676	0.012769605136867111	0.00728879351587511	0.004099671318487604	0.002280867863215294	0.0012587771208392958
0.32638098002580285	0.25828006885122035	0.1939891810172182	0.13797652592962587	0.09308509908818627	0.05986698635055734	0.03696720464362008	0.022085988569444836	0.012859266825995207	0.007341352741139952	0.004129809112537386	0.002297870668829322	0.0012682560933508413
0.3269410947563354	0.25852568575796653	0.19399027245953124	0.13783108365399313	0.09288598778971478	0.05967756787530143	0.03681675788874419	0.021979328909672673	0.012789288819868638	0.0072978763214986255	0.004103827006244994	0.00228277055264846	0.00125965518666071
0.3278468184050127	0.2592409188459728	0.19451303385163596	0.13818391212572473	0.09310701507481754	0.059807553684517456	0.03688959570270808	0.022018811645979307	0.012810266663278643	0.007308911739009566	0.004109614250341934	0.002285808690454831	0.0012612551658897362
0.3288877079719973	0.259858879536493	0.19477989637016652	0.13821307482421005	0.09301417238230764	0.05967882293130339	0.03677219198008264	0.021929581381163618	0.012749318620515931	0.007270078948176128	0.004086019446948151	0.0022719407926795315	0.0012532941286053719
0.32633110679464905	0.2577129235428046	0.1930967479777786	0.13698347962599064	0.0921749366260542	0.059139155060850955	0.036441554350257845	0.021734356749830194	0.012637112140944082	0.00720680494569719	0.004050808496988613	0.0022525249811868836	0.0012426554673241458
0.3252339530625092	0.2574032026444034	0.19337434332082792	0.13758289409787705	0.09285434254125566	0.05974194654938926	0.03690371637436453	0.022055323096110954	0.012844970073889378	0.007334835126495147	0.004126871329545694	0.002296549197717218	0.0012676583756039152
0.3303748485722433	0.261031957819957	0.19563573976481657	0.13878931643441378	0.09337414759656454	0.05988990679337491	0.036890139692479264	0.021993351542674424	0.012783123967257344	0.007287827971009299	0.004095312568908841	0.0022768130767655	0.001255857371961304
0.32810161798648746	0.2597249244861722	0.19512353568150118	0.13880633186279673	0.09365230167231907	0.06023221973141434	0.03719121860551421	0.022218364744921337	0.012935392878614765	0.007384295992220815	0.004153711540390126	0.0023110525057784994	0.0012754794616958662
0.32701749696459154	0.25869304342511446	0.19420965795447867	0.13805862441933767	0.09308719395682756	0.05983514707923319	0.036929084815565644	0.022053825052749627	0.012836079120860147	0.0073260995124128595	0.00412035075214102	0.002292235533993398	0.001264990873818585
0.32781046996458485	0.2589566709636512	0.19407402610693192	0.1376987979319279	0.09266412983807669	0.05945433385367817	0.03663499748217654	0.021848754241892716	0.012702950413942447	0.007243972310862544	0.00407150969922492	0.0022639477820469004	0.0012489177843039796
0.32738236255059816	0.25910065094652573	0.19461609619384154	0.13842191184403002	0.09338052262418839	0.06005167938714222	0.037077384489531566	0.02214948989775456	0.012895002588588816	0.007361149295468739	0.004140666552718482	0.002303788546490064	0.0012714694153348
0.3278930874805196	0.2591208935998248	0.19428353783837224	0.13791318771398348	0.09285210540113117	0.05960067449016978	0.03673885430798503	0.021917405765099113	0.012745963052272023	0.007269868873591367	0.004086650403627143	0.00227261168659191	0.0012537981932909694
0.3262821945093437	0.25797813035829037	0.1935653314435176	0.13752401004417944	0.092678657983596	0.05954562529136849	0.03673669587154888	0.021932460638206752	0.01276254922432367	0.0072828901196847744	0.004095528868247934	0.0022782128588740153	0.0012571655044547653
0.32902471940013867	0.25997061005251415	0.19486473072280164	0.13827291145538978	0.09305355574500251	0.05970325505795535	0.03678666178713297	0.021937867171066865	0.012753955756632901	0.007272636039102853	0.004087416716012947	0.0022727001623145068	0.001253705524526866
0.326972989433759	0.258711628584737	0.1942720170190669	0.13814069042959498	0.09316814765512654	0.05990254154248033	0.03697897049493192	0.022087734839938845	0.012857736243440278	0.007339315141049278	0.0041281516570520925	0.0022967301596385037	0.0012675352988373528
0.32776758378349846	0.25899552696933753	0.19416816461473138	0.13781594210237136	0.09277692593111853	0.05954694406706005	0.03670293099770516	0.02189464375649971	0.012732128088733932	0.007261719820190893	0.0040819611431397425	0.002269959267620613	0.0012523166551850768
0.32773502943924177	0.25891994125171364	0.19406782821277072	0.13771144421648374	0.09268441696541906	0.05947450251166259	0.03665132465618111	0.021860443679464627	0.012710662626515223	0.007248780047896454	0.004074389052744748	0.0022656235568294394	0.0012498732068233257
0.32753762346848836	0.2589179602716461	0.1942056156409079	0.13791808380200407	0.09289748818255003	0.059655600823919706	0.03678688018627325	0.021953191235688358	0.012770137148537808	0.007285167135418504	0.004095904764400236	0.0022780348373058995	0.0012569050439147056
0.326388063418462	0.25775746980531	0.19312892273628463	0.13700489047313377	0.09218813225040606	0.05914677529375668	0.03644574125817801	0.021736580415916355	0.012638269742786302	0.007207402113732789	0.004051116092105256	0.0022526839191305153	0.001242738045795383
0.3242877981343695	0.2560177431330062	0.1917836967285126	0.13603652797099405	0.09153677817065807	0.05873369845473857	0.036195847177119406	0.021590662554991064	0.012555190053904755	0.007160915310195994	0.004025407702689118	0.002238577278253719	0.0012350377430839217
0.32641297242594297	0.25804726023021796	0.19358494698703138	0.13751197949072513	0.0926524895574648	0.059517779941205586	0.036713471728123455	0.021915556778823866	0.012751282282218791	0.00727581897522942	0.0040912744371243105	0.0022757288138210625	0.0012557460173527322
0.32652775278374124	0.2585119980864756	0.19426419421377072	0.13824876667660588	0.09331976886912839	0.06004800214179262	0.03709501239261319	0.022170225811549767	0.012911954824067462	0.007373042301638196	0.004148325162588104	0.002308461830118304	0.0012742205901363052
0.3256665030094365	0.2575884589050651	0.19336792591966515	0.13746227765154692	0.09269276118741263	0.05958923875700646	0.03678276569548625	0.021969690176787467	0.012788826223587697	0.00729996650518383	0.004106037552252795	0.0022844425201227815	0.0012607629544352384
0.32640532389305243	0.25808352138774326	0.193649766910893	0.13758706453089273	0.09272263703836013	0.059574485962399844	0.03675470221931155	0.021943259893410835	0.012768837254023401	0.007286473359264582	0.004097539466153043	0.002279328679742037	0.0012577799210247618
0.3261829270057805	0.25801184518348896	0.19369159297245275	0.13769241248178596	0.09284556346467374	0.05968487890878671	0.036839891409694736	0.022002654939500477	0.01280739885221525	0.007310265779126464	0.004111691140813984	0.002287526237826639	0.0012624383299227244
0.3284295877755161	0.2594689973228552	0.19446958906634124	0.1379829877267423	0.09285484242036497	0.05957497660313561	0.03670779788106209	0.021891163733516666	0.012727046252785009	0.007257431117021956	0.004078941943432818	0.0022680212506052317	0.001251139324532081
0.32662965158757123	0.25845035586318577	0.19408997739523606	0.1380251453445592	0.09310118963472232	0.059866810309368676	0.03696119093912286	0.022079372094441826	0.01285397040413108	0.007337673993954114	0.004127453496024137	0.002296438288389029	0.0012674147729625667
0.32519633383027363	0.25705998042180367	0.1928391239919763	0.13698865926327672	0.09230988339910248	0.059306384951601634	0.03658894244946038	0.021844611918983733	0.012711764025289183	0.007254117115195547	0.004079457513949666	0.0022693252515202625	0.0012522848576435994
0.3285640771590951	0.25982157719181553	0.19495028978731765	0.1384895084684629	0.09330616466658359	0.059929821785735915	0.03696125703238476	0.022059438631198663	0.012832796324512109	0.0073212359802598635	0.004116302931715314	0.002289423550050147	0.0012632048380540116
0.3263459927523959	0.2583165427960581	0.19407409271155981	0.13808165287408616	0.09318634899266505	0.05995026920076758	0.03702843186716813	0.02212743533550461	0.01288566748685212	0.007357434742737714	0.0041392906729968365	0.0023033291243737242	0.001271344351815763
0.32600019698241256	0.2579236925884509	0.1936780880857462	0.13772502857496635	0.09289684174683555	0.059735702869923024	0.03688103854229019	0.022032141237399105	0.012826873323580661	0.007322417758571376	0.00411897481644863	0.0022917680238894616	0.0012648579278958117
0.3278949454743029	0.2591122122954404	0.19426801245644618	0.1378952172531863	0.0928353357998508	0.05958713520611816	0.03672902183597316	0.021910806255757618	0.012741784764264671	0.007267334808819168	0.0040851611417117165	0.0022717563261731633	0.0012533150755960184
0.3292236440146879	0.26017228715258234	0.19505242574006212	0.13843244080827585	0.09317764131859577	0.059792330975782924	0.03684640587728251	0.021975809004131968	0.012777054934225353	0.007286257949447799	0.004095261949240248	0.0022771404658075136	0.001256186823976698
0.328994401238679	0.26002107402807245	0.19496892997850246	0.13839815552999998	0.093172393212248	0.05980006006985563	0.03685733413972101	0.021985458544723727	0.012784151523871754	0.007290975633058669	0.004098205464386517	0.0022789009598131256	0.0012572095088364981
0.3270972870477415	0.25863139839758764	0.19405156778427682	0.13785939406953235	0.09289409174350388	0.05967589515732047	0.03681188133147905	0.021974455326408862	0.012785518157466539	0.007295301489673289	0.004102194482445746	0.002281784039607439	0.0012590781435205757
0.3266966826126742	0.2581407691864591	0.1935352010360138	0.13738196719328016	0.09250002135059388	0.05938068496228467	0.03660765705119892	0.021841793769148132	0.0127034051686562	0.007246286724146007	0.004073712748668075	0.002265557846411584	0.0012499670233287457
0.32648820179260396	0.2580964519831434	0.19361165812452374	0.13752245673784028	0.09265348906214224	0.059514650238918575	0.03670944442870036	0.021912086852080976	0.012748757126785429	0.007274149501115754	0.004090236113101019	0.0022751090254772947	0.0012553864383576807
0.3259963119906923	0.2576295279734929	0.1931992909355041	0.1371860013103957	0.09239984860046477	0.059336824953402416	0.036592265048346874	0.021838640762880272	0.012704475613003328	0.007248223006326502	0.004075383235331741	0.0022667352333117737	0.001250720481704087
0.3270950510290284	0.2588871367798174	0.1944721832621167	0.13833475990813685	0.09333332954939033	0.06002890265687909	0.03706768166661326	0.022145969425267076	0.012894055794420675	0.007361114500088923	0.004140869731949773	0.0023039969003088197	0.001271624340099029
0.32538945845751144	0.25743440443193844	0.1933139954230438	0.1374739412599211	0.09273559621313943	0.059638239949788875	0.03682482204580927	0.022000766246518155	0.01280972802514542	0.007313161610770269	0.004114007996083225	0.0022891090213158125	0.0012634347521964975
0.32951397943326094	0.26055754017054444	0.19547519516060582	0.1388330542161049	0.09351343311372762	0.0600464021750169	0.037023335981279076	0.022091254573072157	0.012848730735749221	0.007329133615052603	0.004120213616195375	0.002291370659058912	0.001264183250239459
0.32852403533494384	0.25998194042612865	0.19524175113718287	0.13882893379339936	0.09362413194425999	0.060187270868918105	0.037148629246095626	0.022185412009590465	0.012912653564036036	0.00736971400239202	0.00414481337956932	0.0023058071098739086	0.0012724620203966544
0.3308513391119769	0.26132305554205243	0.1957713392187226	0.13881792861976683	0.09334590847668953	0.05984260508887384	0.036844947868452556	0.021958318254319743	0.012758946472407393	0.007272330654736644	0.004085861189930352	0.0022712444949286857	0.0012526554326447157
0.32459992992858944	0.25691240095342094	0.19302440955810685	0.13735387555477177	0.09271619178503249	0.05966429660675114	0.03686243389818588	0.02203422191604419	0.012834441171612095	0.0073296404616946895	0.0041243122159116685	0.0022952817733792215	0.0012670247769915085
0.3304251574353411	0.26090528352327724	0.1953928176774951	0.1385029745290438	0.09310499777645316	0.059671911763904906	0.03673161324537035	0.02188689659805275	0.01271571839675453	0.0072469503615442835	0.004071291946137588	0.0022630186173412136	0.0012480670254840314
0.325380156084207	0.2577127525334497	0.19377721848164525	0.13800003598968597	0.0932233385799521	0.06003128069907118	0.0371102607642502	0.02219249680536676	0.012931232587504907	0.007386919415668581	0.0041573890999139825	0.0023140408002553558	0.0012775234916129702
0.3268680081776706	0.2586829503677689	0.19430030563999545	0.13820018205685417	0.09323529663912945	0.05996205902306759	0.03702459825730023	0.02211942835682549	0.012878265765939144	0.007351963052442868	0.004135667139005074	0.002301080637998556	0.001270006353952534
0.3258217485194293	0.2577261258736202	0.1934822474846601	0.13755067482507977	0.09275644313967073	0.059632251527687086	0.03681027387672523	0.021986530649426055	0.012798796024513507	0.007305722852461806	0.004109300588325584	0.0022862675955631255	0.001261773878284468
0.32833989899757715	0.25936340935829083	0.19436101380936463	0.13788411523130145	0.0927740971750552	0.059514955273055926	0.03666651388983905	0.021864461176778892	0.012710571220941349	0.007247620328751498	0.004073251143768938	0.002264783425594027	0.0012493230257953022
0.32773904671086457	0.25905555773502703	0.19428674715721514	0.13795696332910468	0.0929101528673657	0.05965524614455616	0.036781914840404044	0.0219478044115083	0.012765848748393418	0.007282197764055899	0.004094007175574854	0.0022768825406596933	0.001256228880743812
0.3275555682127414	0.2591195222451185	0.19452280797580587	0.1382711472984606	0.09322117381302404	0.059914493577186485	0.03697387773654804	0.022078289438885845	0.01284917330700437	0.0073330351423815665	0.004124010407548236	0.0022941669809865856	0.0012660125596008472
0.32486979404853383	0.25709807430697146	0.19313527302420208	0.1374083259749908	0.09273520640876841	0.05966533486271422	0.03685677980427489	0.022027612908875664	0.012829046943386251	0.007325858377514033	0.00412187731015204	0.0022937961435848366	0.001266150215119556
0.3292092365002301	0.26032185951798653	0.19530750825735044	0.13872364975315554	0.09344769050294958	0.060009606879687344	0.0370038585055182	0.02208134088945695	0.012843803919308545	0.007326711949850262	0.004119024693258279	0.002290783653647833	0.001263890598840377
0.32557313165939555	0.2575283422388431	0.19333631969071655	0.13745104230167213	0.09269318261505795	0.05959448418958	0.036788768505934044	0.021974681235259846	0.012792399282236964	0.007302307644464277	0.004107485734744443	0.0022853039563742604	0.001261261571079993
0.32589015586456227	0.25761700264937243	0.1932546486115231	0.13727606609584458	0.09249510349765701	0.05941879265627735	0.036654066462667	0.02188112467842699	0.012731805992854055	0.007264981718508046	0.004085308643852723	0.0022724673357745555	0.0012539708498407675
0.32621574932237607	0.25815686792462883	0.1939057245994284	0.13792560382299363	0.09305720480420741	0.05985327424373223	0.03696117660576209	0.022083662133231003	0.012858530803395716	0.007341216429022335	0.004129857567215727	0.002297951199724879	0.0012683229949484829
0.3287650762721199	0.25983593475593597	0.19482999075389082	0.13830143832655653	0.09310963923120806	0.059761704720637764	0.036834952272473256	0.021972821149433327	0.012777168870985277	0.007287167866603899	0.004096144256380725	0.0022777893361776262	0.001256610955952865
0.3234617953169367	0.2557881720429766	0.1919976706948354	0.13649251185800818	0.092051935270421	0.059190037292816945	0.03654540095862534	0.02183328656476655	0.012712257984532635	0.007257639796239805	0.004082863617287822	0.0022718289811590542	0.0012539214178878026
0.3263721122415572	0.25821634102060914	0.19389108694272658	0.13786806699167484	0.09298590790281303	0.059787710893803775	0.03690994613109821	0.022047673711556685	0.012835051475790048	0.007326681890399821	0.0041211926492549615	0.0022929238054637618	0.0012654627889800121
0.32687221750013107	0.25847882927912097	0.193962850443773	0.1378181580783982	0.09288200840627561	0.05967798122234545	0.036818674618295584	0.021981322102136207	0.012790853319606622	0.007298952374772464	0.004104512105750372	0.002283185633331528	0.0012598983998887414
0.3271097919717802	0.25862547019620274	0.19403291711198814	0.13783509716466458	0.09287023723681012	0.05965609524385711	0.03679725616265925	0.021964529223047115	0.012779185932402515	0.0072914407225416	0.004099916990403624	0.002280472434653902	0.0012583358939458503
0.3261678678642574	0.25823269720997755	0.1940644583204274	0.13811758314267697	0.09324030225432106	0.06000311383085329	0.03707100768889717	0.02215787318667441	0.01290574476191788	0.007369953650869375	0.004146790925872898	0.0023076958019388853	0.0012738347283434545
0.32924850057618105	0.26026464971703384	0.19518576113090672	0.13857616085018656	0.09330719655950118	0.059894878428782	0.03691995864670471	0.02202477305253316	0.012807880920787806	0.007304879744944457	0.004106175236554282	0.002283395908880443	0.0012597148268331
0.325099974830207	0.25723791229656434	0.19319945849811507	0.13742046261810664	0.09271972210646098	0.05964073138865371	0.03683347802582775	0.022009579638956393	0.012816598147644923	0.007317872209880771	0.004117002315075481	0.002290921537731426	0.001264496200897548
0.3268291991406462	0.25855213773486624	0.1941137287758997	0.13799966195695523	0.09305453421049245	0.05981880789999131	0.036921688571815464	0.022050814110011654	0.012835008993204545	0.007325801998426209	0.004120321527822627	0.002292278403917544	0.0012650393179101025
0.3273030695421433	0.2585568245104958	0.19378255425865695	0.1375026805199831	0.0925416819013019	0.05938256554336468	0.036594913377317274	0.02182709233368278	0.012691472820311014	0.007237949167318218	0.004068357587049	0.002262295889959191	0.001248049079737535
0.3275610253083734	0.25892608997700456	0.1942021857932166	0.13790811193954444	0.0928856014573688	0.05964484424196712	0.03677855097208986	0.021947374199179224	0.012766357205472433	0.007282833832281864	0.004094516566628638	0.002277230588604352	0.0012564479774134238
0.32773684370171186	0.2591450321720643	0.19443476095676854	0.13812438762674	0.09306479041088914	0.05977942283355426	0.03687181507783876	0.02200803155925971	0.012803934344943107	0.007305277990768357	0.004107564192997107	0.0022846662077489954	0.0012606240682471773
0.32741046834686116	0.25877521602001985	0.19406296573898987	0.1377905005249638	0.09279450462916072	0.05957963563638188	0.03673489830263501	0.021919686970473178	0.0127495155905078	0.007272907927667459	0.004088802286316471	0.002273997297361111	0.0012546415358368412
0.32777050314581335	0.25881697056662195	0.19387427919533007	0.13748445575914797	0.09247145075233137	0.059302114520962464	0.036525966411568564	0.02177624325681505	0.01265733203438881	0.007216428274984433	0.0040553733019186595	0.0022547008442811386	0.0012437035703553273
0.32436377019754875	0.25678171921892823	0.19297955159902971	0.1373652014035753	0.09275412915049992	0.05970733588590893	0.0368992908237333	0.022061439083500556	0.012852746153977518	0.007341197580230572	0.004131294410789896	0.0022993703460320565	0.0012693660109596024
0.32692947831085617	0.2587972576191406	0.1944436408914052	0.13834600399967206	0.09336296705577476	0.060061493332620786	0.03709524676054589	0.022166189501871006	0.012907598830650237	0.007369641674160685	0.004146011640630847	0.0023070038227772883	0.0012733445380580237
0.32353836857918095	0.25641168272594356	0.19296544171531213	0.1375667799446568	0.09303733525844385	0.05997960484498404	0.037116950882943874	0.022216458846000885	0.012954796808209485	0.007404760184637764	0.0041693517076916535	0.002321519173196507	0.001281994893107939
0.32685374949127255	0.2585753748065658	0.194134208691452	0.13801634953087766	0.0930671043411955	0.059827616839933935	0.036927491929851716	0.02205445109902015	0.012837201618034064	0.007327085704978293	0.004121056919450941	0.0022926929950004477	0.0012652703278247432
0.3290437763475926	0.2600110792677224	0.1949172949618085	0.13832713251683834	0.09310130002672047	0.05974051614251941	0.03681314488656685	0.021955389050640952	0.01276494016664361	0.0072792518614362926	0.004091285670795795	0.002274914440575869	0.0012549529746267417
0.32562001134987634	0.2576129079378844	0.1934412818388226	0.13755726073317842	0.0927858758401857	0.05966652028191923	0.03683987414663796	0.022008472172867628	0.012813580792594311	0.007315066911784247	0.004114949013900788	0.002289576273526564	0.0012636689163186543
0.3266988378359591	0.25842472925501875	0.19399839645809555	0.13790362141548673	0.09298092764870547	0.05976652259301645	0.03688688136535366	0.022028825982999507	0.012821673099010791	0.007317958982064783	0.004115813375637096	0.002289730476717485	0.0012636169780578718
0.3288447286702825	0.25990750693752795	0.19489013805217445	0.13834842508026068	0.093143776649262	0.05978491941076306	0.03684987845164139	0.02198199691212361	0.012782618387750562	0.007290321947093925	0.004097935461805865	0.0022787925749727747	0.0012571672326592812
0.3250557569784331	0.2571504176412718	0.19308777040214767	0.13730592110726778	0.09261899682892351	0.05956207005002825	0.03677748750971822	0.02197247314533585	0.012793299904472064	0.007303821150366858	0.004108776318010477	0.002286209637167696	0.0012618399379011073
0.32695012660077616	0.2586643849625536	0.1942109837607974	0.13807777082878844	0.093112674857889	0.0598591642589215	0.03694807606556443	0.022067255078087007	0.012844876598676435	0.007331559651085075	0.0041236115228179705	0.002294129684309456	0.0012660693946991868
0.3267724979243124	0.2583917656251908	0.19389167158104995	0.13776394104706216	0.09284348668024942	0.059652278361705044	0.03680240661683227	0.021971447679918456	0.01278504747696205	0.007295618206733522	0.004102629944654232	0.0022821362383510543	0.0012593185216586466
0.3289111267998861	0.25999786345467935	0.1949904994058596	0.1384441801711119	0.09322438076551996	0.059846079100617726	0.03689255129602991	0.022009878604369294	0.012799945987254355	0.007300694445828803	0.0041039748817980025	0.0022822382112263934	0.0012591039838610709
0.3249315009523369	0.257078675926177	0.19305924420787218	0.13730626168184015	0.0926337024947131	0.05958043730978583	0.03679374231825585	0.021984667551363735	0.012801573996016178	0.007309073318450088	0.004111960427607013	0.002288078493845454	0.001262911806201615
0.3300799337048445	0.2607857975173413	0.19544391946671852	0.13865018599391013	0.09327989311399978	0.05982974050268518	0.036853529578469546	0.021971866584471075	0.012770839507969787	0.00728093039574725	0.004091487411606022	0.0022747095488488936	0.00125470718506854
0.3275131472179588	0.2590327116215989	0.19441099202426287	0.13815607290087273	0.09311984815754008	0.05983534333983912	0.03691755281199918	0.022040977612257685	0.012825757234270948	0.007318919171596001	0.004115749459457125	0.002289436471651732	0.0012633464300097188
0.32744412896744923	0.2588168682484002	0.19410704936001696	0.13783139532348487	0.0928283286111959	0.059605006910650876	0.0367524644103183	0.02193110376635314	0.012756584666943602	0.007277128574755906	0.004091255228627453	0.0022753949042161976	0.0012554263617835235
0.32613537270448806	0.25775077204077196	0.1932982676844011	0.13726128087918113	0.0924532618764695	0.05937242092065413	0.03661477204232856	0.02185229120111124	0.012712496636639235	0.00725282712312735	0.004077981367149732	0.002268183432615368	0.0012515205755296909
0.3255117184885926	0.2572240156885851	0.19288216433915667	0.13695496104401716	0.09224254991161385	0.05923590278209911	0.0365305577051901	0.02180226992490155	0.012683602706262181	0.0072364673531409174	0.004068848043933117	0.002263134539884215	0.0012487487640833164
0.32851634270891655	0.2596554078670979	0.19471246509991286	0.13823390000517843	0.09307599869694619	0.05974769776516418	0.036830627003341505	0.021972466187648688	0.012778031937514886	0.007288147488576626	0.0040969085921884205	0.0022783054761655605	0.0012569337722483879
0.32417386445436713	0.2566080421537304	0.19283098228724238	0.13724712610651332	0.0926669651398361	0.05964721800850461	0.03686017041914914	0.022037152090716872	0.012838208340387236	0.007332731680740719	0.004126463975819584	0.002296655205415018	0.0012678564805614424
0.32761707276238416	0.25898009906409875	0.19425048663895528	0.13794792313429077	0.0929158542046036	0.05966618508524024	0.036792679435687474	0.02195626071860139	0.012771728969612409	0.007285985040701546	0.004096324423508484	0.002278250901022131	0.0012570169467687096
0.32759951339369403	0.25882255891442446	0.19400536366072904	0.13767638363396517	0.09266766409621266	0.05946811728482718	0.0366498592164109	0.02186084144828202	0.012711503881992674	0.007249537352666309	0.004074936258923498	0.00226597961382366	0.0012500912542829706
0.32877953774263047	0.259693108712966	0.1945861388499519	0.1380231438814362	0.0928517305892232	0.0595543361683647	0.036684769923441045	0.02187221258386155	0.012713559112219764	0.007248628160860178	0.0040735111636070725	0.0022647969499221218	0.0012492755921924776
0.3254880429769836	0.257329253165117	0.1930712359071293	0.13717422792900688	0.09244747689216688	0.05940158776835012	0.03665103545357752	0.021883224380090056	0.012734904449808128	0.007267604413624665	0.004087157993709569	0.0022736556771992523	0.0012546932823656017
0.3298327510383647	0.260549754401108	0.19523455034615028	0.1384788813381689	0.09315055541269074	0.05973900509978022	0.03679373331696833	0.021934394373270726	0.012748253815583144	0.007267710782535263	0.004083916248694805	0.00227044207281319	0.0012523297594166914
0.3283310277469927	0.2597020570165169	0.19492146847044634	0.13851797090022197	0.09335934219046935	0.05998472518377095	0.03700647539899924	0.02209212967642675	0.012854496803120561	0.007334818926710249	0.00412446045821955	0.0022941804878451304	0.0012659207155276415
0.32703899045946183	0.2586092627949218	0.19405704639329938	0.1378808073080947	0.09292057227364275	0.05970020430599202	0.036830847936733885	0.021987762418722745	0.012794191171080098	0.00730066616875821	0.004105390757609685	0.0022836376712191387	0.0012601323560968282
0.32677925250612394	0.2583401122621495	0.19380228975884822	0.13766138997046745	0.09274810448886628	0.059575365879064014	0.036746571574910895	0.021933970601768417	0.012761315924027574	0.007281222436556182	0.004094167952389182	0.0022772752730945978	0.0012565726243584572
0.3250411685655889	0.25695595640410457	0.19277980971292233	0.1369622720619722	0.09230340807383872	0.05930929788625621	0.03659468780053948	0.02185005580998163	0.012715890849195546	0.0072569061345289015	0.004081215254894005	0.0022703834455008415	0.0012529023012992466
0.32797490113992606	0.25923199460075724	0.19440680791823042	0.13803072964723548	0.09295101793733265	0.05967571579640155	0.03679121126626282	0.021951615883563876	0.01276722471635606	0.0072825971076050065	0.004094061870954854	0.002276840311441728	0.001256175145784553
0.3288696188529307	0.26007126482903115	0.19514036285135805	0.1386239670082217	0.09339493447954088	0.05998505652075721	0.03699405959724133	0.022078267566096637	0.012843355378020437	0.007327068341198164	0.00411949414632156	0.0022911596791040257	0.0012641461602103325
0.3264250812731519	0.25809604976733574	0.19365614110535864	0.1375890914937351	0.09272222893149434	0.059573124023632275	0.036753252477866524	0.02194208524994675	0.012768007176580203	0.007285933582234564	0.004097207170845778	0.002279131648256011	0.0012576661252106287
0.32784600646206896	0.25918032079844083	0.19441442034015868	0.1380729421261465	0.09300476473656359	0.059725551180211514	0.036830274018044604	0.02197908938633512	0.012785155693849038	0.007293697563868965	0.004100678995850128	0.0022806791231687194	0.0012583588840267394
